0 0.383966 0.276515 0.175809 0.268398
0 0.085443 0.071158 0.170886 0.142316
0 0.084740 0.202922 0.169480 0.147186
0 0.180028 0.241883 0.184248 0.264069
0 0.065049 0.488636 0.130098 0.251082
0 0.174402 0.777597 0.161744 0.235931
0 0.130802 0.932630 0.172996 0.134740
0 0.389592 0.887175 0.164557 0.225649
0 0.499297 0.762446 0.178622 0.270563
0 0.357947 0.522186 0.185654 0.270563
0 0.373418 0.063582 0.180028 0.127165
0 0.700422 0.064665 0.170183 0.129329
0 0.836850 0.253788 0.175809 0.257576
0 0.703235 0.488636 0.172996 0.285714
0 0.858650 0.660714 0.174402 0.305195
0 0.699015 0.922890 0.178622 0.154221
