0 0.174089 0.393449 0.214575 0.262054
0 0.093117 0.216047 0.186235 0.248804
0 0.169028 0.067354 0.182186 0.075083
0 0.073887 0.629003 0.147773 0.273831
0 0.168016 0.885167 0.192308 0.229665
0 0.344636 0.654030 0.215587 0.285609
0 0.509109 0.863084 0.208502 0.264998
0 0.363866 0.179242 0.197368 0.242915
0 0.491903 0.411115 0.200405 0.317998
0 0.693320 0.629003 0.208502 0.303276
0 0.862854 0.761502 0.195344 0.297387
0 0.824899 0.396393 0.204453 0.312109
0 0.701417 0.162311 0.178138 0.262054
0 0.484818 0.123298 0.190283 0.231137
