0 0.187410 0.203564 0.222865 0.311015
0 0.137482 0.377430 0.206946 0.321814
0 0.194645 0.696004 0.205499 0.341253
0 0.097685 0.889039 0.185239 0.221922
0 0.491317 0.904158 0.214182 0.191684
0 0.531838 0.768359 0.208394 0.287257
0 0.410999 0.447624 0.218524 0.358531
0 0.359624 0.694924 0.179450 0.179266
0 0.451520 0.085583 0.209841 0.171166
0 0.543415 0.176566 0.225760 0.257019
0 0.738061 0.071544 0.209841 0.143089
0 0.882055 0.237041 0.211288 0.334773
0 0.746744 0.478942 0.178003 0.339093
0 0.882779 0.710043 0.201158 0.308855
0 0.753256 0.836393 0.240232 0.293737
