0 0.150725 0.854482 0.200000 0.291037
0 0.074638 0.542657 0.149275 0.362851
0 0.333333 0.569654 0.231884 0.369330
0 0.508696 0.813715 0.231884 0.282937
0 0.391304 0.912797 0.234783 0.174406
0 0.700000 0.950594 0.223188 0.098812
0 0.692029 0.532937 0.230435 0.377970
0 0.875362 0.730562 0.231884 0.336933
0 0.505797 0.350432 0.255072 0.285097
0 0.365942 0.108261 0.221739 0.216523
0 0.099275 0.139849 0.198551 0.274298
0 0.154348 0.303996 0.198551 0.313175
0 0.702899 0.117981 0.220290 0.235961
0 0.834058 0.342873 0.213043 0.326134
