0 0.175809 0.171537 0.181435 0.261905
0 0.115331 0.362013 0.167370 0.261905
0 0.222222 0.437771 0.158931 0.279221
0 0.180028 0.655303 0.164557 0.272727
0 0.086146 0.883658 0.172293 0.214286
0 0.390295 0.425866 0.202532 0.281385
0 0.428270 0.059253 0.185654 0.118506
0 0.521097 0.143398 0.168776 0.235931
0 0.498594 0.729978 0.180028 0.261905
0 0.459916 0.904491 0.164557 0.191017
0 0.739100 0.804654 0.157525 0.268398
0 0.849508 0.665043 0.167370 0.287879
0 0.713783 0.407468 0.174402 0.279221
0 0.842475 0.197511 0.175809 0.270563
