0 0.192029 0.177332 0.175362 0.240781
0 0.068116 0.435466 0.136232 0.240781
0 0.198551 0.412690 0.159420 0.251627
0 0.192029 0.732646 0.160870 0.210412
0 0.103623 0.059924 0.152174 0.119848
0 0.531884 0.209870 0.168116 0.223427
0 0.381884 0.474512 0.163768 0.258134
0 0.414493 0.835683 0.153623 0.225597
0 0.536957 0.699024 0.184058 0.260304
0 0.737681 0.896150 0.156522 0.207701
0 0.893478 0.578633 0.152174 0.253796
0 0.870290 0.194685 0.157971 0.249458
0 0.727536 0.044740 0.124638 0.089479
0 0.153623 0.910249 0.168116 0.179501
