0 0.184783 0.213597 0.218841 0.289079
0 0.092029 0.095557 0.184058 0.191113
0 0.077536 0.458779 0.155072 0.334047
0 0.181159 0.745717 0.200000 0.278373
0 0.134783 0.916756 0.208696 0.166488
0 0.366667 0.062366 0.208696 0.124732
0 0.515217 0.210385 0.195652 0.274090
0 0.383333 0.452355 0.242029 0.304069
0 0.523188 0.720021 0.217391 0.295503
0 0.406522 0.875268 0.218841 0.241970
0 0.328261 0.660064 0.201449 0.261242
0 0.734058 0.450214 0.210145 0.351178
0 0.880435 0.608672 0.207246 0.338330
0 0.722464 0.894272 0.239130 0.211456
0 0.832609 0.226445 0.215942 0.323340
0 0.719565 0.060225 0.184058 0.120450
