0 0.134058 0.132600 0.268116 0.243187
0 0.127536 0.632600 0.214493 0.266247
0 0.152174 0.454403 0.214493 0.257862
0 0.170290 0.897537 0.201449 0.204927
0 0.373913 0.714361 0.200000 0.287212
0 0.484058 0.880765 0.214493 0.238470
0 0.515942 0.481656 0.211594 0.266247
0 0.422464 0.284591 0.227536 0.299790
0 0.507971 0.081237 0.224638 0.136268
0 0.721739 0.212264 0.200000 0.293501
0 0.850000 0.482704 0.195652 0.318658
0 0.707971 0.716457 0.218841 0.287212
0 0.847101 0.890199 0.247826 0.219602
0 0.852899 0.073899 0.242029 0.121593
