0 0.146273 0.041937 0.175809 0.083874
0 0.173699 0.504870 0.177215 0.248918
0 0.215893 0.811147 0.180028 0.268398
0 0.423347 0.574134 0.181435 0.296537
0 0.545710 0.872024 0.189873 0.255952
0 0.783404 0.906656 0.172996 0.186688
0 0.891702 0.795996 0.184248 0.277056
0 0.755977 0.568723 0.177215 0.307359
0 0.881153 0.342532 0.182841 0.296537
0 0.763010 0.103626 0.177215 0.202922
0 0.465541 0.123918 0.178622 0.222944
0 0.575949 0.277597 0.174402 0.253247
0 0.241913 0.202922 0.189873 0.207792
0 0.223629 0.340368 0.201125 0.201299
