0 0.157742 0.165767 0.209841 0.274298
0 0.107815 0.338553 0.202605 0.326134
0 0.153401 0.662527 0.218524 0.321814
0 0.447902 0.877160 0.205499 0.245680
0 0.507959 0.727322 0.172214 0.308855
0 0.376266 0.435745 0.212735 0.390929
0 0.386397 0.622570 0.198263 0.293737
0 0.510130 0.145248 0.219971 0.289417
0 0.725760 0.401188 0.182344 0.377970
0 0.730101 0.798596 0.243126 0.300216
0 0.845876 0.658207 0.196816 0.313175
0 0.852388 0.201404 0.218524 0.328294
0 0.713459 0.052106 0.146165 0.104212
0 0.972142 0.431425 0.055716 0.274298
0 0.083575 0.870950 0.167149 0.254860
