0 0.093478 0.097253 0.186957 0.194507
0 0.173913 0.232623 0.226087 0.309417
0 0.071014 0.491592 0.142029 0.356502
0 0.155797 0.786435 0.204348 0.291480
0 0.361594 0.517377 0.236232 0.318386
0 0.502174 0.747197 0.218841 0.307175
0 0.388406 0.876401 0.220290 0.247197
0 0.347826 0.073711 0.214493 0.147422
0 0.501449 0.238229 0.211594 0.307175
0 0.725362 0.484865 0.221739 0.347534
0 0.866667 0.628363 0.200000 0.334081
0 0.701449 0.912276 0.205797 0.175448
0 0.708696 0.069226 0.202899 0.138453
0 0.829710 0.250561 0.215942 0.318386
