0 0.158228 0.150974 0.180028 0.246753
0 0.109001 0.344697 0.160338 0.261905
0 0.167370 0.642316 0.172996 0.255411
0 0.077004 0.876082 0.154008 0.233766
0 0.227848 0.445346 0.161744 0.264069
0 0.369198 0.417208 0.174402 0.290043
0 0.485232 0.701840 0.178622 0.257576
0 0.436709 0.892587 0.174402 0.214827
0 0.504219 0.132576 0.177215 0.235931
0 0.407173 0.053842 0.165963 0.107684
0 0.822082 0.175866 0.177215 0.266234
0 0.705345 0.394481 0.157525 0.279221
0 0.715190 0.792749 0.174402 0.270563
0 0.838959 0.640152 0.177215 0.277056
