0 0.143994 0.255400 0.248915 0.311015
0 0.221418 0.463823 0.201158 0.295896
0 0.109262 0.700324 0.196816 0.302376
0 0.222142 0.935475 0.185239 0.129050
0 0.420405 0.738121 0.193922 0.330454
0 0.568741 0.907397 0.218524 0.185205
0 0.437048 0.206803 0.224313 0.304536
0 0.237337 0.071544 0.224313 0.143089
0 0.568017 0.492981 0.217077 0.336933
0 0.786541 0.721922 0.211288 0.345572
0 0.913531 0.830994 0.172938 0.291577
0 0.897250 0.503780 0.198263 0.306695
0 0.772793 0.211123 0.209841 0.313175
0 0.930897 0.071814 0.138205 0.138229
0 0.569465 0.072624 0.214182 0.145248
