0 0.082609 0.111827 0.165217 0.223655
0 0.131884 0.418722 0.217391 0.255605
0 0.100725 0.647422 0.192754 0.286996
0 0.146377 0.896581 0.231884 0.206839
0 0.338406 0.713565 0.192754 0.298206
0 0.480435 0.501682 0.192754 0.273543
0 0.386232 0.253924 0.215942 0.298206
0 0.478986 0.927971 0.181159 0.144058
0 0.681884 0.684417 0.218841 0.320628
0 0.831884 0.897702 0.200000 0.204596
0 0.960145 0.704596 0.079710 0.338565
0 0.827536 0.457960 0.200000 0.325112
0 0.964493 0.187780 0.071014 0.278027
0 0.828986 0.050168 0.217391 0.100336
0 0.481159 0.052410 0.211594 0.104821
