0 0.147101 0.148048 0.172464 0.242950
0 0.091304 0.350868 0.156522 0.223427
0 0.217391 0.461497 0.171014 0.245119
0 0.144928 0.642625 0.165217 0.225597
0 0.072464 0.879067 0.144928 0.234273
0 0.356522 0.404013 0.185507 0.255965
0 0.394928 0.058839 0.120290 0.117679
0 0.507971 0.126356 0.175362 0.247289
0 0.480435 0.709870 0.184058 0.229935
0 0.446377 0.902657 0.176812 0.194685
0 0.713768 0.398590 0.155072 0.245119
0 0.727536 0.781453 0.162319 0.251627
0 0.857246 0.650217 0.166667 0.262473
0 0.830435 0.163232 0.173913 0.225597
