0 0.190580 0.182755 0.178261 0.229935
0 0.101449 0.072939 0.147826 0.145879
0 0.070290 0.443059 0.140580 0.255965
0 0.181884 0.739154 0.157971 0.219089
0 0.150725 0.911334 0.173913 0.177332
0 0.357246 0.612256 0.178261 0.255965
0 0.390580 0.446312 0.181159 0.258134
0 0.531884 0.700108 0.171014 0.258134
0 0.412319 0.837852 0.149275 0.225597
0 0.732609 0.893980 0.160870 0.212039
0 0.895652 0.576464 0.156522 0.275488
0 0.734783 0.430043 0.165217 0.251627
0 0.868841 0.190347 0.157971 0.258134
0 0.721014 0.046909 0.149275 0.093818
0 0.526087 0.206616 0.171014 0.216920
