0 0.170767 0.232721 0.209841 0.304536
0 0.117221 0.101782 0.232996 0.203564
0 0.074891 0.473542 0.149783 0.341253
0 0.183792 0.771598 0.209841 0.272138
0 0.128799 0.939795 0.221418 0.120410
0 0.391462 0.868790 0.240232 0.250540
0 0.501447 0.733801 0.214182 0.287257
0 0.358177 0.504860 0.188133 0.369330
0 0.497106 0.495140 0.179450 0.323974
0 0.366860 0.086663 0.217077 0.173326
0 0.713459 0.903078 0.227207 0.193844
0 0.873372 0.620410 0.222865 0.298056
0 0.738784 0.484341 0.191027 0.345572
0 0.863242 0.265119 0.199711 0.317495
0 0.725760 0.090983 0.208394 0.181965
