0 0.123188 0.137419 0.246377 0.274838
0 0.108696 0.469222 0.217391 0.380130
0 0.313043 0.716523 0.217391 0.347732
0 0.113043 0.878510 0.226087 0.239741
0 0.352899 0.283477 0.215942 0.298056
0 0.459420 0.502700 0.223188 0.321814
0 0.449275 0.943035 0.197101 0.113931
0 0.651449 0.712203 0.242029 0.382289
0 0.796377 0.501620 0.198551 0.311015
0 0.675362 0.205724 0.217391 0.345572
0 0.463768 0.092063 0.231884 0.184125
0 0.808696 0.081263 0.223188 0.162527
0 0.951449 0.214363 0.094203 0.328294
0 0.939130 0.699244 0.121739 0.377970
0 0.806522 0.904158 0.195652 0.191685
