0 0.254348 0.123915 0.160870 0.247831
0 0.108696 0.374729 0.139130 0.236443
0 0.201449 0.400759 0.136232 0.253796
0 0.244203 0.677332 0.143478 0.208243
0 0.211594 0.875813 0.168116 0.245119
0 0.476087 0.783623 0.157971 0.251627
0 0.610870 0.601410 0.175362 0.264642
0 0.468841 0.383406 0.184058 0.266811
0 0.602899 0.146963 0.173913 0.232104
0 0.800000 0.368221 0.159420 0.249458
0 0.930435 0.136117 0.139130 0.240781
0 0.945652 0.508134 0.108696 0.251627
0 0.807971 0.870119 0.166667 0.259761
0 0.152174 0.037148 0.110145 0.074295
