0 0.089855 0.154612 0.179710 0.245283
0 0.126812 0.476415 0.210145 0.264151
0 0.106522 0.670335 0.207246 0.274633
0 0.132609 0.909067 0.215942 0.181866
0 0.343478 0.746855 0.211594 0.301887
0 0.471014 0.935273 0.173913 0.129455
0 0.710145 0.235325 0.214493 0.285115
0 0.818841 0.089623 0.220290 0.144654
0 0.818116 0.511006 0.201449 0.303983
0 0.678986 0.732180 0.239130 0.310273
0 0.833333 0.904874 0.228986 0.190252
0 0.959420 0.717505 0.081159 0.289308
0 0.481159 0.093816 0.208696 0.161426
0 0.487681 0.494235 0.233333 0.312369
