0 0.144928 0.270343 0.223188 0.316916
0 0.124638 0.480193 0.223188 0.235546
0 0.097826 0.667559 0.195652 0.254818
0 0.128986 0.896413 0.217391 0.207173
0 0.333333 0.716809 0.208696 0.319058
0 0.458696 0.928533 0.195652 0.142934
0 0.820290 0.900696 0.208696 0.198608
0 0.667391 0.716809 0.221739 0.331906
0 0.809420 0.479122 0.195652 0.323340
0 0.957246 0.702891 0.085507 0.342612
0 0.958696 0.205032 0.082609 0.293362
0 0.813043 0.072002 0.202899 0.144004
0 0.688406 0.220021 0.197101 0.310493
0 0.464493 0.077355 0.218841 0.154711
0 0.381884 0.279979 0.224638 0.284797
0 0.479710 0.490899 0.234783 0.278373
