0 0.193478 0.324423 0.224638 0.303983
0 0.280435 0.513103 0.201449 0.266247
0 0.153623 0.763627 0.202899 0.264151
0 0.272464 0.941562 0.171014 0.116876
0 0.460145 0.764675 0.262319 0.333333
0 0.284058 0.103249 0.220290 0.163522
0 0.619565 0.091719 0.213043 0.174004
0 0.616667 0.925839 0.218841 0.148323
0 0.833333 0.765723 0.205797 0.285115
0 0.945652 0.854822 0.108696 0.278826
0 0.920290 0.511006 0.159420 0.341719
0 0.836232 0.262579 0.197101 0.318658
0 0.486232 0.260482 0.210145 0.301887
0 0.615217 0.541405 0.221739 0.318658
