0 0.207246 0.167559 0.228986 0.291221
0 0.104348 0.074143 0.188406 0.148287
0 0.086957 0.424518 0.173913 0.329764
0 0.192754 0.720021 0.194203 0.299786
0 0.156522 0.906049 0.208696 0.187901
0 0.428986 0.843148 0.228986 0.271949
0 0.541304 0.660064 0.227536 0.325482
0 0.744203 0.883565 0.221739 0.232869
0 0.900725 0.564775 0.198551 0.297645
0 0.761594 0.409529 0.218841 0.355460
0 0.871739 0.170503 0.215942 0.341006
0 0.746377 0.053801 0.197101 0.107602
0 0.540580 0.175054 0.226087 0.276231
0 0.386232 0.048715 0.218841 0.092077
0 0.400000 0.404176 0.234783 0.263383
0 0.343478 0.617238 0.217391 0.274090
