0 0.099275 0.237152 0.198551 0.263383
0 0.085507 0.649358 0.171014 0.295503
0 0.182609 0.888919 0.182609 0.222163
0 0.378986 0.670771 0.201449 0.308351
0 0.191304 0.391328 0.202899 0.310493
0 0.402899 0.177195 0.217391 0.289079
0 0.535507 0.877141 0.204348 0.245717
0 0.520290 0.447002 0.214493 0.361884
0 0.739855 0.169700 0.195652 0.299786
0 0.854348 0.422377 0.215942 0.312634
0 0.735507 0.652570 0.213043 0.323340
0 0.900725 0.786403 0.198551 0.316916
0 0.522464 0.042024 0.207246 0.084047
0 0.908696 0.063437 0.176812 0.126874
