0 0.191304 0.193255 0.237681 0.299786
0 0.103623 0.085921 0.198551 0.171842
0 0.084783 0.439507 0.169565 0.304069
0 0.190580 0.741435 0.204348 0.295503
0 0.142029 0.919968 0.200000 0.160064
0 0.529710 0.695396 0.218841 0.293362
0 0.413043 0.860278 0.214493 0.250535
0 0.729710 0.888919 0.236232 0.222163
0 0.889130 0.578694 0.218841 0.304069
0 0.752174 0.434154 0.220290 0.336188
0 0.865942 0.210385 0.207246 0.312634
0 0.726087 0.064507 0.182609 0.129014
0 0.528986 0.199679 0.194203 0.291221
0 0.371739 0.054069 0.215942 0.098501
0 0.377536 0.426660 0.239130 0.274090
0 0.333333 0.647216 0.220290 0.239829
