0 0.163968 0.336032 0.212551 0.259109
0 0.088563 0.189547 0.177126 0.281192
0 0.068320 0.575267 0.136640 0.266470
0 0.153846 0.846154 0.198381 0.269415
0 0.340587 0.595142 0.223684 0.306220
0 0.492409 0.811557 0.225709 0.279720
0 0.383097 0.910931 0.209514 0.178138
0 0.328947 0.137284 0.172065 0.241443
0 0.478745 0.135812 0.168016 0.229665
0 0.489372 0.368421 0.211538 0.309165
0 0.698381 0.545086 0.228745 0.365109
0 0.853745 0.708502 0.189271 0.312109
0 0.689271 0.949209 0.216599 0.101583
0 0.689271 0.139492 0.190283 0.222304
0 0.809211 0.350018 0.221660 0.301803
