0 0.191280 0.300325 0.158931 0.268398
0 0.338256 0.316558 0.163150 0.279221
0 0.282700 0.749459 0.175809 0.292208
0 0.083333 0.917478 0.166667 0.165043
0 0.064346 0.683442 0.128692 0.233766
0 0.079114 0.487554 0.158228 0.235931
0 0.048875 0.134740 0.097750 0.261905
0 0.111111 0.060335 0.175809 0.120671
0 0.402954 0.074405 0.199719 0.148810
0 0.627286 0.234307 0.167370 0.261905
0 0.744023 0.075487 0.206751 0.150974
0 0.932841 0.251623 0.134318 0.279221
0 0.927918 0.747294 0.144163 0.318182
0 0.739100 0.917478 0.171589 0.165043
0 0.598453 0.755952 0.196906 0.274892
0 0.740506 0.523268 0.180028 0.298701
0 0.402954 0.949946 0.157525 0.100108
0 0.407173 0.518939 0.160338 0.246753
