0 0.156522 0.303459 0.208696 0.266247
0 0.087681 0.138889 0.175362 0.238994
0 0.069565 0.545597 0.139130 0.268344
0 0.168841 0.818134 0.192754 0.264151
0 0.355797 0.563417 0.215942 0.308176
0 0.365217 0.112683 0.211594 0.186583
0 0.494203 0.784591 0.214493 0.259958
0 0.383333 0.899633 0.207246 0.200734
0 0.503623 0.522537 0.186957 0.259958
0 0.708696 0.112683 0.226087 0.178197
0 0.835507 0.331761 0.198551 0.259958
0 0.710870 0.550839 0.201449 0.299790
0 0.865217 0.687107 0.214493 0.291405
0 0.695652 0.942610 0.191304 0.114780
