0 0.153623 0.206103 0.252174 0.295503
0 0.101449 0.109743 0.202899 0.214133
0 0.071014 0.461991 0.139130 0.306210
0 0.176812 0.737152 0.179710 0.286938
0 0.373188 0.488758 0.239130 0.334047
0 0.368841 0.060225 0.230435 0.120450
0 0.518841 0.225375 0.217391 0.274090
0 0.716667 0.072002 0.215942 0.144004
0 0.853623 0.226445 0.194203 0.344754
0 0.736232 0.447002 0.226087 0.340471
0 0.512319 0.709315 0.198551 0.291221
0 0.400725 0.861081 0.224638 0.277837
0 0.721014 0.891060 0.224638 0.217880
0 0.881884 0.611884 0.218841 0.323340
0 0.139855 0.925321 0.201449 0.149358
