0 0.086232 0.429872 0.172464 0.297645
0 0.231884 0.169700 0.176812 0.286938
0 0.102174 0.144004 0.204348 0.282655
0 0.196377 0.705032 0.198551 0.286938
0 0.163043 0.909261 0.207246 0.181478
0 0.428986 0.826017 0.208696 0.284797
0 0.541304 0.668630 0.239130 0.304069
0 0.403623 0.444861 0.247826 0.327623
0 0.389855 0.048448 0.208696 0.096895
0 0.538406 0.166488 0.201449 0.271949
0 0.763768 0.410600 0.208696 0.340471
0 0.748551 0.878212 0.227536 0.243576
0 0.907246 0.554069 0.185507 0.310493
0 0.873188 0.185760 0.207246 0.289079
0 0.742029 0.049518 0.194203 0.099036
