0 0.158466 0.253240 0.214182 0.306695
0 0.105282 0.107451 0.210564 0.209503
0 0.069103 0.498380 0.138205 0.339093
0 0.165702 0.797516 0.205499 0.285097
0 0.345152 0.536177 0.179450 0.354212
0 0.497829 0.751080 0.215630 0.278618
0 0.379161 0.877160 0.227207 0.245680
0 0.498553 0.483261 0.185239 0.326134
0 0.366136 0.102862 0.209841 0.205724
0 0.709117 0.084503 0.192475 0.169006
0 0.840087 0.300756 0.199711 0.293737
0 0.871925 0.653888 0.222865 0.317495
0 0.701881 0.921436 0.230101 0.157127
0 0.716353 0.511339 0.178003 0.352052
