0 0.132591 0.290394 0.204453 0.264998
0 0.224696 0.467795 0.218623 0.257637
0 0.206984 0.093854 0.201417 0.166360
0 0.095142 0.702613 0.182186 0.264998
0 0.211032 0.916820 0.191296 0.166360
0 0.391194 0.740155 0.211538 0.272359
0 0.558198 0.902834 0.237854 0.191388
0 0.741397 0.707766 0.215587 0.290026
0 0.913968 0.832168 0.170040 0.300331
0 0.859818 0.474420 0.197368 0.332720
0 0.762652 0.235922 0.211538 0.288554
0 0.418016 0.227825 0.202429 0.284137
0 0.533401 0.093854 0.210526 0.166360
0 0.917004 0.116673 0.159919 0.158999
0 0.536943 0.486934 0.213563 0.328303
