0 0.187681 0.713283 0.192754 0.293737
0 0.168116 0.900918 0.231884 0.198164
0 0.090580 0.410907 0.181159 0.371490
0 0.211594 0.206803 0.234783 0.412527
0 0.390580 0.432505 0.259420 0.371490
0 0.547826 0.652808 0.240580 0.315335
0 0.433333 0.821274 0.228986 0.285097
0 0.745652 0.870680 0.236232 0.258639
0 0.901449 0.572894 0.197101 0.323974
0 0.765217 0.391469 0.234783 0.380130
0 0.527536 0.181965 0.208696 0.246220
0 0.876087 0.189525 0.201449 0.313175
0 0.384058 0.059665 0.200000 0.119330
0 0.735507 0.056425 0.210145 0.112851
