0 0.053623 0.141540 0.107246 0.268980
0 0.108696 0.063178 0.182609 0.126356
0 0.083333 0.500542 0.166667 0.253796
0 0.068116 0.695770 0.136232 0.262473
0 0.088406 0.922180 0.156522 0.155640
0 0.280435 0.750000 0.155072 0.236443
0 0.328261 0.303145 0.178261 0.275488
0 0.415217 0.079447 0.163768 0.158894
0 0.510870 0.526573 0.143478 0.214751
0 0.393478 0.548265 0.137681 0.184382
0 0.623913 0.779284 0.195652 0.255965
0 0.760870 0.925434 0.139130 0.149132
0 0.935507 0.761931 0.128986 0.295011
0 0.767391 0.521150 0.175362 0.251627
0 0.945652 0.256508 0.108696 0.312364
0 0.744928 0.070770 0.197101 0.141540
0 0.644203 0.231562 0.155072 0.214751
