0 0.210267 0.233225 0.177215 0.246753
0 0.165963 0.429113 0.172996 0.235931
0 0.215190 0.723485 0.170183 0.244589
0 0.105485 0.916396 0.156118 0.167208
0 0.538678 0.788420 0.172996 0.244589
0 0.501406 0.941288 0.163150 0.117424
0 0.772855 0.864448 0.174402 0.271104
0 0.883263 0.725649 0.172996 0.261905
0 0.751055 0.481061 0.164557 0.261905
0 0.495781 0.511364 0.137834 0.209957
0 0.393108 0.497294 0.137834 0.281385
0 0.451477 0.087392 0.181435 0.174784
0 0.746132 0.056006 0.180028 0.112013
0 0.876934 0.259199 0.160338 0.281385
