0 0.209117 0.288877 0.196816 0.317495
0 0.133502 0.499460 0.267004 0.345572
0 0.143271 0.049946 0.198263 0.099892
0 0.226483 0.800756 0.208394 0.313175
0 0.108538 0.933315 0.195369 0.133369
0 0.418958 0.583693 0.202605 0.328294
0 0.549204 0.857721 0.243126 0.284557
0 0.898336 0.782397 0.203329 0.293737
0 0.768452 0.554536 0.186686 0.347732
0 0.785818 0.895518 0.244573 0.208963
0 0.904124 0.330994 0.191751 0.336933
0 0.770622 0.101782 0.205499 0.203564
0 0.570188 0.280238 0.178003 0.278618
0 0.480463 0.112851 0.241679 0.224622
