0 0.184211 0.221200 0.230769 0.241443
0 0.146255 0.426573 0.209514 0.254693
0 0.194332 0.707030 0.220648 0.256165
0 0.098178 0.898417 0.196356 0.191388
0 0.382591 0.495767 0.214575 0.284137
0 0.529858 0.767391 0.205466 0.282665
0 0.762652 0.873390 0.193320 0.253220
0 0.880567 0.701141 0.198381 0.303276
0 0.739879 0.500920 0.198381 0.264998
0 0.864879 0.254325 0.189271 0.298859
0 0.717105 0.083548 0.217611 0.131027
0 0.544028 0.211630 0.227733 0.228193
0 0.449393 0.113728 0.240891 0.150166
0 0.531883 0.534045 0.187247 0.222304
