0 0.086538 0.163784 0.173077 0.256165
0 0.114879 0.490615 0.229757 0.276776
0 0.099190 0.719544 0.198381 0.207582
0 0.119433 0.907251 0.224696 0.185499
0 0.366397 0.316894 0.190283 0.253220
0 0.469636 0.500920 0.232794 0.285609
0 0.317814 0.747516 0.216599 0.260582
0 0.446862 0.940375 0.173077 0.119249
0 0.634615 0.743835 0.226721 0.294442
0 0.779352 0.519323 0.182186 0.295915
0 0.939271 0.742363 0.121457 0.315053
0 0.812753 0.910195 0.202429 0.179610
0 0.949899 0.246964 0.100202 0.313581
0 0.789474 0.096614 0.194332 0.193228
0 0.457490 0.114464 0.202429 0.178138
