tree
version=v4
num_class=1
num_tree_per_iteration=1
label_index=0
max_feature_idx=45
objective=lambdarank
feature_names=x_norm y_norm radius_norm vx_norm vy_norm speed_norm orientation_sin orientation_cos orientation_known angular_velocity_norm translation_residual_norm rotation_residual_norm rotation_score_norm direction_score_norm speed_score_norm rigidity_score_norm motion_reliability visible_streak_norm lost_frames_norm appearance_distance association_quality yolo_confidence is_current_target bg_certified distance_to_centroid_norm speed_minus_peer_median_norm rotation_score_peer_z direction_score_peer_z rigidity_score_peer_z appearance_peer_z history_mean_speed_norm history_mean_angular_velocity_norm history_mean_translation_residual_norm history_mean_rotation_score_norm history_mean_direction_score_norm history_mean_appearance_distance history_std_speed_norm history_std_angular_velocity_norm history_std_translation_residual_norm history_std_rotation_score_norm history_std_direction_score_norm history_std_appearance_distance history_length_norm optical_spin_abs_norm optical_spin_confidence optical_spin_evidence
feature_infos=[0.023437527939677238:0.97688722610473633] [0.034432891756296158:0.96392875909805298] [0.053096525371074677:0.1973479837179184] [-0.0080459257587790489:0.009354742243885994] [-0.0070236730389297009:0.0059997495263814926] [1.6123552768476657e-06:0.0093742832541465759] [-0.99997174739837646:0.99999529123306274] [-0.99999368190765381:1] none [-0.54599446058273315:0.55592876672744751] [0:0.092281647026538849] none [0:0.072172954678535461] [0:0.99946087598800659] [0:0.11707045137882233] [0:0.0078225545585155487] [0:0.99996823072433472] [0.033333331346511841:1] none [0.00012260675430297852:2] [0.00039127969648689032:0.99996823072433472] [0:0.99794524908065796] [0:1] none [0.00074696843512356281:0.48266205191612244] [-0.0052215233445167542:0.0059342398308217525] [-1.4680711030960083:4.1000180244445801] [-2.1915533542633057:4.0590243339538574] [-0.9187544584274292:4.2065086364746094] [-3.0406723022460938:3.4346854686737061] [8.0617763842383283e-07:0.0079342853277921677] [-0.28176912665367126:0.4193059504032135] [0:0.14316053688526154] [0:0.072172954678535461] [0:0.90268337726593018] [3.9807386201573536e-05:2] [8.0617763842383283e-07:0.0031374881509691477] [0:0.28885024785995483] [0:0.085645973682403564] [0:0.033846057951450348] [0:0.49838733673095703] [0:0.99925148487091064] [0.125:1] [0:0.29078683257102966] [0:1] [0:0.16223746538162231]
tree_sizes=3041 3043 3137 3363 3251 3153 3040 3254 3453 3041 3029 3054 3465 3342 3365 3250 3262 2937 3029 2943 3242

Tree=0
num_leaves=27
num_cat=0
split_feature=44 30 34 36 16 1 0 44 31 25 44 0 0 22 40 38 7 6 22 5 6 40 44 1 7 29
split_gain=3827.35 484.594 464.083 279.281 146.108 106.417 85.8085 85.1925 83.6847 83.0681 71.3667 49.1862 48.1256 38.5749 32.4548 29.1155 27.0398 26.7157 25.9068 21.9484 18.3306 11.4045 6.12632 5.23082 3.19995 0.120783
threshold=0.8760964870452882 0.0037529563996940856 0.22762667387723926 0.00054183386964723479 0.98166847229003917 0.092415429651737227 0.90363702178001415 0.96922349929809581 0.045672580599784858 -4.5672361011384048e-05 0.99166667461395275 0.70140787959098827 0.73689875006675731 1.0000000180025095e-35 0.22040656954050067 0.0061127783264964828 0.91046524047851574 0.4014939963817597 1.0000000180025095e-35 0.0038290325319394474 0.44606898725032812 0.29660856723785406 0.82097071409225475 0.087674520909786238 0.9963270127773286 -0.71256694197654713
decision_type=2 2 2 2 2 2 2 2 2 2 2 2 2 2 2 2 2 2 2 2 2 2 2 2 2 2
left_child=1 5 4 13 10 23 9 16 18 -7 12 -10 -2 15 -8 -3 -4 -12 -6 -18 21 -9 25 -1 -24 -5
right_child=2 3 7 22 8 6 14 20 11 -11 17 -13 -14 -15 -16 -17 19 -19 -20 -21 -22 -23 24 -25 -26 -27
leaf_value=-0.088734821862282098 0.0057683438039616963 -0.086600473709632475 0.085330627728923553 0.058184497396112846 -0.093525087713808172 0.093426912426184339 -0.089913645193673439 -0.078133148606855621 0.022408776347765964 0.043411808828343307 -0.091939404192447102 -0.092883846000121228 -0.093067983814689351 0.060867488335045405 0.068836378063528172 0.017887428691882448 0.042986940155446983 0.020318222040323946 0.0059025190353474049 -0.055891804529168566 0.035676290044393891 0.012539753631550505 -0.0021643524158373433 -0.0037473388048139345 0.055765086625921216 0.086869562760970076
leaf_weight=7.8769124444806931 83.589487109566107 77.112334013101645 41.419088811613619 9.920180998509748 715.6808900036267 732.39443763380405 8.9143845244543609 18.348546594730585 26.260455380775966 96.534917327808216 48.309900607331656 13.052534557529723 13.425817442825062 4.610768702812492 3.8995376061648122 6.9501317124813786 29.023749866173603 5.5742631745524696 6.4957007016055277 5.9966297072824082 5.2981169319245955 3.9173688543960443 4.1179374223574978 2.3885340942069888 4.435361007694155 34.1431395993568
leaf_count=276 1438 1876 119 65 19662 2387 386 599 372 769 1690 513 527 21 19 91 356 68 107 131 48 88 49 44 35 136
internal_value=-0.000268927 0.069494 -0.0684481 -0.0161681 -0.0798481 0.0837018 0.0856711 0.0313686 -0.088759 0.0876616 -0.0345925 -0.0172247 -0.00871946 -0.0700415 -0.0401169 -0.0778529 0.0583581 -0.0801679 -0.0926238 0.0249741 -0.0429003 -0.0623272 0.074236 -0.0710482 0.0305681 0.081846
internal_weight=2009.69 993.299 1016.39 141.29 912.389 852.009 841.743 104.004 761.49 828.929 150.899 39.313 97.0153 88.6732 12.8139 84.0625 76.4395 53.8842 722.177 35.0204 27.564 22.2659 52.6166 10.2654 8.5533 44.0633
internal_count=31872 6154 25718 2273 24377 3881 3561 1341 20654 3156 3723 885 1965 1988 405 1967 606 1758 19769 487 735 687 285 320 84 201
is_linear=0
shrinkage=0.05


Tree=1
num_leaves=27
num_cat=0
split_feature=44 22 20 44 2 22 2 38 37 25 5 24 38 44 29 36 43 2 9 44 9 27 7 0 0 10
split_gain=9512.04 1450.51 918.971 765.079 555.9 532.932 294.148 291.754 255.371 231.978 139.043 176.9 122.445 105.361 92.5989 86.1157 78.439 69.9013 111.538 54.7528 41.4111 38.644 26.8275 20.5926 11.9165 1.90587
threshold=0.82478070259094249 1.0000000180025095e-35 0.98108601570129406 0.74560862779617321 0.12199999764561655 1.0000000180025095e-35 0.12096652761101724 0.0052005730103701362 0.032439609989523895 -0.00073726609116420139 0.0037853370886296038 0.09734793379902841 0.021482250653207306 0.93405798077583324 0.010401027742773296 0.00058818332036025833 0.042440153658390052 0.10825660452246667 0.092557728290557875 0.96580946445465099 0.011916438117623331 1.7731519937515261 0.72937968373298656 0.33412870764732366 0.51100364327430736 0.0026328040985390548
decision_type=2 2 2 2 2 2 2 2 2 2 2 2 2 2 2 2 2 2 2 2 2 2 2 2 2 2
left_child=3 2 4 10 22 6 16 13 -8 -6 17 21 -9 -4 24 -13 -5 18 -1 23 -19 -12 -2 -16 -3 -21
right_child=1 14 7 5 9 -7 8 12 -10 -11 11 15 -14 -15 19 -17 -18 20 -20 25 -22 -23 -24 -25 -26 -27
leaf_value=-0.057190960518252044 0.020837649185390723 0.088163324265185111 -0.064954007138414052 -0.085852581715485113 0.040001940365570282 0.089268866750732076 -0.023322274007120943 0.02768000240931719 0.048113999250085582 -0.020396382119465876 -0.092696340613761821 -0.0054821642100713018 -0.091863160360868196 -0.087934115944060309 0.069691768023362508 0.08192099911449785 0.051059542161751931 0.074639971983945397 0.080750205769750893 -0.087562408383924539 0.091387012003577725 0.024053519978946961 -0.090662579370508048 0.0043474101817807835 0.055634320202524359 -0.03742955778923996
leaf_weight=21.850128927733749 5.1918746009469023 140.0580133870244 726.29867875715718 101.00593966059387 275.61459549237043 234.42986695840955 220.32314640516415 90.233506658114493 287.07020146772265 372.86755456682295 25.021646470762789 36.150271218735725 26.993174348026514 1720.0283770202659 22.275225944817066 124.94843165576458 10.998937129974363 552.88460269011557 40.276056468486786 9.0320918792858702 1386.8944442821667 9.2560400590300542 206.53073299163952 25.310662254691124 44.276235651224852 5.2973863687366238
leaf_count=83 16 108 5064 472 632 173 804 320 470 2019 200 194 213 17372 20 115 22 503 36 61 957 19 1891 70 75 37
internal_value=0.000212592 -0.0540161 -0.0624485 0.0654376 -0.0177039 0.0252334 0.00089239 -0.0774498 0.0171097 0.00529587 0.0810417 0.0404771 -0.000390756 -0.0811408 0.0630027 0.0623951 -0.0720749 0.0849784 0.0320981 0.00989158 0.0866546 -0.0613821 -0.0878433 0.0357403 0.0806923 -0.0726797
internal_weight=6721.12 3670.01 3423.76 3051.11 860.205 853.828 619.398 2563.55 507.393 648.482 2197.28 195.376 117.227 2446.33 246.25 161.099 112.005 2001.91 62.1262 61.9154 1939.78 34.2777 211.723 47.5859 184.334 14.3295
internal_count=31946 27898 27527 4048 4558 1941 1768 22969 1274 2651 2107 528 533 22436 371 309 494 1579 119 188 1460 219 1907 90 183 98
is_linear=0
shrinkage=0.05


Tree=2
num_leaves=28
num_cat=0
split_feature=44 38 31 44 22 38 2 16 16 37 24 30 24 6 31 0 24 6 0 17 37 7 25 24 43 29 44
split_gain=7421.47 948.463 587.15 455.052 401.272 391.605 370.616 264.267 191.218 165.229 128.27 120.042 107.034 79.8677 78.8544 68.0767 65.0066 117.643 63.828 47.5563 40.9855 31.8345 29.8174 31.6615 25.384 9.94 9.01615
threshold=0.85982456803321849 0.0034460022579878573 0.033558145165443427 0.7245689630508424 1.0000000180025095e-35 0.0036782399984076623 0.12420320510864259 0.97203209996223461 0.96257278323173534 0.03736959025263787 0.10714414715766908 0.0044700899161398419 0.079630140215158476 0.097163978964090361 0.042120410129427917 0.42842167615890508 0.36721420288085943 0.62814128398895275 0.50795802474021923 0.15833333879709247 0.025738717988133434 0.91954767704010021 0.00054866282152943324 0.14227212965488437 0.031657576560974128 -0.046349966898560517 0.90098038315773021
decision_type=2 2 2 2 2 2 2 2 2 2 2 2 2 2 2 2 2 2 2 2 2 2 2 2 2 2 2
left_child=2 4 3 12 7 8 24 9 -5 -2 -7 13 15 -8 -9 -1 22 -18 -6 -13 -14 -20 25 -24 26 -4 -3
right_child=1 6 16 5 18 10 11 14 -10 -11 -12 19 20 -15 -16 -17 17 -19 21 -21 -22 -23 23 -25 -26 -27 -28
leaf_value=0.050591308211254397 -0.065082847835352203 -0.029623541398647892 0.085580391316975146 0.028540458226184791 0.072419797448077 -0.03331488342410887 0.015510900841255185 -0.078879906923791598 -0.04204807959003546 0.0054333889823751967 0.069541987452103909 0.032814068863592956 0.048438198928645801 0.066364825606956182 -0.039274518151864592 -0.071251256295560658 -0.086457971499062841 0.082669692416452861 0.0342746837983572 -0.067948905692958292 0.076872838559163825 -0.087912618544671278 -0.015409090396318582 0.069901663847908885 0.0098379077761962218 0.074222142958577417 -0.087737376434283323
leaf_weight=21.563971759751439 158.01047594472766 8.6882586292922479 1070.7536877170205 135.82348054461181 56.877914756536484 34.409610399976373 132.69477394409478 1994.8291367550846 321.07663625944406 173.64506459608674 224.50221378728747 16.493750289082527 184.96330811548978 186.23694854602218 137.36206096038222 22.341164542362094 15.786734916269777 25.605460688471794 9.3599060401320475 35.588665097951889 460.80952239967883 10.240166425704954 15.978467090055345 31.098395816981792 7.8837658241391173 318.32590670511127 81.356605220586061
leaf_count=39 1329 61 859 394 70 180 529 20909 2078 899 307 51 337 298 1149 124 148 20 23 303 466 83 69 39 42 342 814
internal_value=0.000587014 -0.0543288 0.0579062 0.0347328 -0.0663852 0.00678631 0.0109847 -0.0698887 -0.0210476 -0.0282573 0.0557966 0.0338362 0.0636864 0.0453212 -0.076348 -0.0116144 0.0799111 0.0176475 0.0459284 -0.0360217 0.068816 -0.0307314 0.0816921 0.0412279 -0.0750577 0.0830328 -0.082517
internal_weight=5892.31 3009.27 2883.04 1405.49 2540.32 715.812 468.943 2463.85 456.9 331.656 258.912 371.014 689.678 318.932 2132.19 43.9051 1477.55 41.3922 76.478 52.0824 645.773 19.6001 1436.16 47.0769 97.9286 1389.08 90.0449
internal_count=31962 26560 5402 3925 24462 2959 2098 24286 2472 2228 487 1181 966 827 22058 163 1477 168 176 354 803 106 1309 108 917 1201 875
is_linear=0
shrinkage=0.05


Tree=3
num_leaves=30
num_cat=0
split_feature=44 44 34 32 20 30 24 5 36 36 24 6 31 6 0 6 36 44 24 32 34 34 44 9 31 31 44 16 27
split_gain=6240.44 751.035 466.276 362.165 243.132 222.183 261.691 187.203 204.571 154.505 132.955 128.071 97.3983 89.2905 85.8308 84.1068 63.449 58.8207 55.123 94.3195 50.2844 47.5686 45.3728 36.953 30.5341 29.6032 21.6154 18.4358 13.7291
threshold=0.89699381589889537 0.77681994438171398 0.26330868899822241 0.0027532156091183428 0.97114104032516491 0.0031272314954549079 0.30491694808006292 0.0038435884052887563 0.00055357374367304157 0.00074355816468596469 0.10064480453729631 0.048466393724083907 0.043609214946627624 0.028808304108679298 0.58774650096893322 0.43173274397850042 0.00079627017839811753 0.94494947791099559 0.36139622330665594 0.003071130951866508 0.30098859965801245 0.26831933856010443 0.94849690794944774 0.13467903435230258 0.018530223518610004 -0.011573426891118286 0.96922349929809581 0.96257278323173534 -0.66420844197273243
decision_type=2 2 2 2 2 2 2 2 2 2 2 2 2 2 2 2 2 2 2 2 2 2 2 2 2 2 2 2 2
left_child=1 7 4 5 11 6 -3 18 23 -7 21 17 22 16 -13 -14 28 -2 24 -20 -12 -5 -6 -9 -1 -15 -27 -10 -4
right_child=2 3 13 10 12 9 -8 8 27 -11 20 14 15 25 -16 -17 -18 -19 19 -21 -22 -23 -24 -25 -26 26 -28 -29 -30
leaf_value=0.063686317027435921 -0.0041563427506084438 0.049629111703950679 0.0063855949460427421 -0.072229599608169909 -0.055896733007268766 -0.065198834030526787 -0.049083022976488033 -0.060906417906189808 0.068568702167460568 0.054842046962641583 0.040416844680945259 0.03399982935830035 -0.049846121171389271 -0.01846146340896887 -0.067149990886238117 0.045748234666243608 0.04890219317848965 -0.068870531291721687 -0.049449729945354993 0.067903739748589168 0.076553208621509661 0.025837591621341562 -0.077248649207307965 0.067004443959470375 0.078455405697400921 0.067856171045703587 0.013560493181304723 0.027244943068684448 -0.083747068640898911
leaf_weight=553.30586590524763 48.863628666847944 188.47664386406541 4.7516438905149689 28.333500660955906 312.4136526407674 210.74351308122277 103.04261297918856 61.83752560056746 93.812146380543709 29.918404765427113 237.22090088389814 106.64512497745454 104.41798120550811 15.264641325920818 25.078469600528479 28.584798148833215 15.133239056915043 125.00954393111169 24.632926426827908 51.139869421720505 167.29757270216942 20.674776684492826 1549.5016347693745 5.3849342018365851 1156.9236283879727 78.051264602690935 24.62192883528769 40.447306875139475 29.304609052836895
leaf_count=738 280 477 26 222 3233 2117 825 547 125 58 637 414 1012 69 244 98 40 1239 125 68 172 62 17498 6 1025 120 117 78 307
internal_value=0.000242416 0.0490187 -0.0585229 0.0133172 -0.0643798 -0.0146535 0.0146891 0.0667096 0.0208956 -0.0501105 0.0460988 -0.0227558 -0.0707415 0.0220015 0.0143814 -0.029113 -0.0341156 -0.0508117 0.0718634 0.0296062 0.0555138 -0.0311693 -0.0736979 -0.049828 0.0737172 0.0454968 0.055092 0.0564129 -0.071348
internal_weight=5440.83 2973.19 2467.64 985.708 2300.51 532.181 291.519 1987.48 201.482 240.662 453.527 305.597 1994.92 167.127 131.724 133.003 49.1895 173.873 1786 75.7728 404.518 49.0083 1861.92 67.2225 1710.23 117.938 102.673 134.259 34.0563
internal_count=31979 7282 24697 4570 24018 3477 1302 2712 756 2175 1093 2177 21841 679 658 1110 373 1519 1956 193 809 284 20731 553 1763 306 237 203 333
is_linear=0
shrinkage=0.05


Tree=4
num_leaves=29
num_cat=0
split_feature=44 30 36 20 44 7 2 2 31 0 34 17 44 0 1 6 0 0 44 30 37 24 3 5 4 24 7 14
split_gain=5096.78 591.083 478.66 444.739 287.563 241.019 227.012 194.938 138.115 143.046 122.937 85.2946 55.811 71.7616 50.1382 42.5047 41.2929 38.3991 31.2014 29.5736 26.642 22.9902 31.4053 21.4627 17.5658 14.8303 4.44805 1.95114
threshold=0.89528506994247448 0.0037529563996940856 0.00050041946815326821 0.98108601570129406 0.7589399814605714 0.96901842951774608 0.12147369608283044 0.128637470304966 0.028381404466927055 0.53133726119995128 0.26330868899822241 0.87500000000000011 0.94782215356826793 0.23973200470209124 0.90529265999794017 0.033693840727210052 0.69929018616676342 0.086003780364990248 0.67826876044273388 0.004107425222173334 0.060845712199807174 0.21348178386688235 -0.0016096752951852975 0.0037710092728957538 -0.0033287173137068744 0.087388560175895705 0.72937968373298656 0.00043244930566288536
decision_type=2 2 2 2 2 2 2 2 2 2 2 2 2 2 2 2 2 2 2 2 2 2 2 2 2 2 2 2
left_child=1 4 11 6 14 16 21 -7 9 -8 12 19 13 -5 18 27 -6 -13 -1 -3 25 22 -2 -10 -14 -4 -23 -12
right_child=3 2 20 10 5 7 8 -9 23 -11 15 17 24 -15 -16 -17 -18 -19 -20 -21 -22 26 -24 -25 -26 -27 -28 -29
leaf_value=0.07459823895451953 0.057695829212000053 0.037824441876503863 0.014926158998452786 -0.0093192301751669395 0.066926887838560573 -0.048834086499102668 0.0087048987482262561 0.026665925215408743 0.061527869768413124 -0.067883725080225235 -0.020953327584520627 0.052323363775647662 -0.041026357301168263 -0.064335770175848087 0.0093179281268243111 0.050590377257830027 0.01750764087438833 -0.078767584263789478 0.058400415197465 -0.035944365030271923 -0.0010722415288755463 -0.015051809467958067 -0.0728418753475608 0.0059943648808107059 -0.074282008464871194 0.064418842245450109 -0.079282400398213895 -0.072504421400080482
leaf_weight=1046.6377566568553 7.4929178208112743 24.184015788137913 17.785403914749622 82.62029912089929 320.09395739808679 119.30921788886189 201.9413124602288 294.50024036038667 90.057174481451511 86.217414446175098 3.6527274735271913 5.1216436922550193 45.038126261904836 212.19131905306131 35.45331484079361 28.931945035234094 49.6602912414819 168.62898809462786 451.15537012182176 28.505143707618117 20.979868985712528 3.295477829873561 9.124033195897935 21.793127369135618 1384.8305903256405 137.54385652672499 118.24668602924794 7.9060879172757268
leaf_count=1021 21 77 62 685 471 1000 1060 994 156 905 33 9 467 2469 74 77 234 1962 647 256 78 20 111 121 16975 210 1516 98
internal_value=-0.000283546 0.046061 -0.00982609 -0.054999 0.0557764 0.0310763 -0.0151736 0.00483257 0.00395284 -0.014366 -0.0671255 -0.0578128 -0.0691473 -0.0490011 0.0683708 0.0185836 0.0603547 -0.0746261 0.0697615 -0.00201106 0.0517834 -0.0701806 -0.014046 0.0508566 -0.0732639 0.0588836 -0.0776779 -0.0591792
internal_weight=5022.9 2719.56 402.749 2303.34 2316.81 783.564 538.168 413.809 400.009 288.159 1765.17 226.44 1724.68 294.812 1533.25 40.4908 369.754 173.751 1497.79 52.6892 176.309 138.159 16.617 111.85 1429.87 155.329 121.542 11.5588
internal_count=31809 7095 2654 24714 4441 2699 3910 1994 2242 1965 20804 2304 20596 3154 1742 208 705 1971 1668 333 350 1668 132 277 17442 272 1536 131
is_linear=0
shrinkage=0.05


Tree=5
num_leaves=28
num_cat=0
split_feature=44 25 38 36 2 1 31 2 22 31 20 44 19 22 3 44 37 38 19 41 33 29 5 38 22 44 39
split_gain=4301.07 530.35 375.698 309.064 283.883 179.68 172.191 166.756 160.106 130.09 111.431 94.6205 94.1648 90.6292 76.8729 54.9803 47.3082 40.6612 97.0052 39.503 33.0698 30.1405 27.873 23.0585 21.1256 10.5742 4.96436
threshold=0.89699381589889537 -0.00015217455802485344 0.003795489552430809 0.00045954163942951714 0.10669768974184991 0.90529265999794017 0.048042146489024169 0.12552835792303088 1.0000000180025095e-35 0.11077342182397844 0.95359894633293163 0.79277813434600841 0.019924432039260868 1.0000000180025095e-35 0.0028540698112919931 0.99166667461395275 0.10743939131498338 0.0036782399984076623 1.0654287636280062 0.0016260409029200675 0.003420295775867999 -0.12457648664712904 0.003003863501362503 0.013861194718629124 1.0000000180025095e-35 0.5377492904663087 0.0080680842511355894
decision_type=2 2 2 2 2 2 2 2 2 2 2 2 2 2 2 2 2 2 2 2 2 2 2 2 2 2 2
left_child=1 4 8 6 9 11 13 24 10 25 15 -6 -7 -3 19 -2 -12 18 -5 -9 -16 -10 -23 -19 26 -1 -4
right_child=2 3 7 17 5 12 -8 14 21 -11 16 -13 -14 -15 20 -17 -18 23 -20 -21 -22 22 -24 -25 -26 -27 -28
leaf_value=0.0072916665272818454 0.00097708501265815506 -0.052777166778147915 -0.075113843445023823 -0.064790981842766701 0.068027198599827407 0.069826683358482827 0.066372615446800495 -0.0074605982203621024 0.066279171271879087 0.059113966484667893 -0.067277273375253813 0.04113850015349553 -0.093348192062641722 0.052773674954080377 -0.077389501992255583 -0.064741347169616117 0.015358339217761367 0.064665481521986007 0.038241827241838361 0.050084627205168736 0.053802557027883918 0.039175877757154837 -0.08076246311950401 0.019172016560429439 0.023896255415784551 -0.082989522069245994 -0.0071866436810184564
leaf_weight=3.2874012216925612 97.684506826102734 262.68255729507655 60.848749657161534 27.217218816280365 1419.8974641030654 11.842635631561278 38.846839979290962 37.776975377462804 26.225991636514664 24.1630740147084 1676.169993765885 432.99776775110513 28.139596622437239 21.246675185859203 22.169099202379588 46.183594172820449 17.160181399434805 132.18256800994277 119.90655315853655 136.53144541569054 5.2949038818478575 9.5596941402182001 8.0140831749886257 36.572017483413219 5.8241404071450225 52.703420428559184 3.0457580834627143
leaf_count=10 612 2639 808 193 1624 11 68 219 38 45 21563 1288 167 37 257 581 110 182 281 396 8 40 68 103 23 580 25
internal_value=-0.000337668 0.0427846 -0.0526549 0.00317433 0.055598 0.0595024 -0.0311871 0.00232245 -0.060587 -0.0362037 -0.0628413 0.0617692 -0.0444917 -0.0447212 0.025371 -0.0204207 -0.0664313 0.0382737 0.0188725 0.0376417 -0.0510948 0.0332636 -0.0169225 0.0549773 -0.0637979 -0.0776539 -0.0720365
internal_weight=4764.17 2611.69 2152.49 638.654 1973.03 1892.88 322.776 271.491 1881 80.1539 1837.2 1852.9 39.9822 283.929 201.772 143.868 1693.33 315.878 147.124 174.308 27.464 43.7998 17.5738 168.755 69.7186 55.9908 63.8945
internal_count=31976 7228 24748 3503 3725 3090 2744 1736 23012 635 22866 2912 178 2676 880 1193 21673 759 474 615 265 146 108 285 856 590 833
is_linear=0
shrinkage=0.05


Tree=6
num_leaves=27
num_cat=0
split_feature=44 38 5 36 0 22 1 16 44 9 2 2 2 37 25 29 20 0 3 22 7 29 2 2 4 2
split_gain=3724.18 433.735 322.026 269.58 242.54 211.552 178.127 155.526 138.432 115.718 97.3852 48.8164 47.7593 47.3964 42.699 38.7368 29.9439 35.1682 21.9198 21.1429 20.7738 28.3243 19.0241 9.46567 9.05611 8.35047
threshold=0.86402156949043285 0.0032518398948013787 0.0039024202851578598 0.00054746636305935692 0.91543772816658031 1.0000000180025095e-35 0.092415429651737227 0.97309064865112316 0.9626135826110841 0.017026762478053573 0.11981283873319627 0.12552835792303088 0.11377789080142976 0.052857154980301864 -0.00012946659262524915 -1.2938903570175169 0.95025146007537853 0.35241703689098364 0.0034423383185639982 1.0000000180025095e-35 0.89425009489059459 -1.4968829154968259 0.15681301057338717 0.12973552942276004 0.0013461663038469853 0.12147369608283044
decision_type=2 2 2 2 2 2 2 2 2 2 2 2 2 2 2 2 2 2 2 2 2 2 2 2 2 2
left_child=2 5 4 16 6 7 25 10 12 -8 -2 -10 -3 -9 -14 -13 17 -4 23 -18 -7 -22 -20 -5 -6 -1
right_child=1 8 3 18 24 20 9 13 11 -11 -12 15 14 -15 -16 -17 19 -19 22 -21 21 -23 -24 -25 -26 -27
leaf_value=-0.078742933582889973 -0.065576318170135664 -0.070418442785450924 0.063783278297384463 0.014360862158091245 -0.081110378026002253 0.063090985631373497 0.041375605707395187 -0.066172225081735148 -0.071226547533041071 0.067017720642375031 0.00084665020694426642 0.063398822994380863 0.054126923620293449 -0.037432485807697889 0.0066638316362904546 -0.02447857281658726 -0.074137650905046357 -0.047652646607624471 -0.037597355328466461 0.032954111712752032 0.06646970951707025 -0.061312789326931239 0.038355490771581478 0.05343456832651633 -0.00016109469626046364 0.0014506403592656645
leaf_weight=24.148412547074262 80.837435469031334 10.132086327299474 9.4206484127789754 18.91376157104969 32.941017800942063 37.240783922374249 720.89074919000268 1447.3751223239815 51.150970598682761 1158.8684200430289 169.34157444816083 13.984639972448347 125.95439458079636 164.21634537260979 76.103427847847342 76.395728142000735 96.519876428879797 21.20399964414537 15.069770682603123 4.2962781786918631 6.7785752043128005 8.8083530105650407 15.93136479705572 115.29407682828605 3.8510669339448205 3.686199039220809
leaf_count=270 1126 133 17 63 354 61 1566 19851 737 1398 1108 28 279 1886 409 595 1299 220 58 9 7 87 38 188 32 24
internal_value=-0.000223595 -0.0453785 0.0454809 -0.00303526 0.0528806 -0.0547718 0.0553428 -0.057575 0.0054761 0.0572112 -0.0207915 -0.032688 0.0309656 -0.0632688 0.0363712 -0.0103362 -0.0562423 -0.0124402 0.0393801 -0.0692951 0.0432549 -0.0050846 0.00141339 0.0480749 -0.0728658 -0.0684407
internal_weight=4509.36 2268.32 2241.04 296.65 1944.39 1914.6 1907.59 1861.77 353.721 1879.76 250.179 141.531 212.19 1611.59 202.058 90.3804 131.441 30.6246 165.209 100.816 52.8277 15.5869 31.0011 134.208 36.7921 27.8346
internal_count=31843 26307 5536 1892 3644 24126 3258 23971 2181 2964 2234 1360 821 21737 688 623 1545 237 347 1308 155 94 96 251 386 294
is_linear=0
shrinkage=0.05


Tree=7
num_leaves=29
num_cat=0
split_feature=44 44 31 30 24 20 36 7 2 34 6 34 2 0 6 6 25 2 4 4 17 0 40 25 4 24 7 39
split_gain=3174.5 467.498 268.748 219.894 185.711 212.262 156.087 150.143 111.881 100.739 88.3125 75.6527 72.7163 70.8728 49.92 49.4773 64.8931 44.1125 37.0909 28.5711 24.2676 20.4785 59.7053 16.8565 16.0651 9.3899 5.41806 1.57531
threshold=0.84764185547828685 0.94570022821426403 0.034772275015711791 0.0030931073706597094 0.087388560175895705 0.98312824964523327 0.00053623857093043636 0.9165293574333192 0.1101319268345833 0.25069467723369604 0.11719202250242235 0.27327723801136022 0.11256612837314607 0.22207731008529666 0.028808304108679298 0.4014939963817597 -0.0022200392559170719 0.15452613681554797 -0.0033287173137068744 -0.0032404725207015868 0.4916666597127915 0.88456130027771007 0.21284403651952746 0.00050856539746746432 0.001312862092163414 0.14857290685176852 0.98047670722007763 0.0085739139467477816
decision_type=2 2 2 2 2 2 2 2 2 2 2 2 2 2 2 2 2 2 2 2 2 2 2 2 2 2 2 2
left_child=2 3 4 8 11 12 13 -7 27 15 -10 19 -6 -5 24 18 -17 -8 -3 -1 -16 23 -23 26 -11 -25 -4 -2
right_child=1 9 21 6 5 7 17 -9 10 14 -12 -13 -14 -15 20 16 -18 -19 -20 -21 -22 22 -24 25 -26 -27 -28 -29
leaf_value=0.014535534822010254 -0.070532234364058394 -0.019172141670974707 0.067854711272410051 -0.0050802744929143925 -0.042026946020453253 0.053545696413394531 -0.018592453624533083 -0.019214870274469276 0.0052296724262977691 -0.071032755940885775 0.057390770235078971 0.040862173412594523 0.055490155062506444 -0.064484889675271301 -0.015940600653930111 0.073748897805337194 -0.041932494646824886 0.058483269370351282 -0.064128007236613035 -0.075713541187113875 0.049723216025180816 -0.073228352037489147 0.067438581846397228 0.0026737688892933291 0.019280579766351752 0.052227519214159607 0.056449339892564704 -0.020050900054978994
leaf_weight=9.8139884332194907 30.267784939613193 48.644937697332352 778.72156638093293 64.236681784037501 19.102260598912835 99.652707640081644 29.977053517475724 238.87724848370999 184.19205914251506 25.577680977992717 144.36241994984448 21.860704876482487 556.35631068795919 231.91061778645962 23.153141461312771 13.568086616694925 72.653115845285356 46.162852551788092 1295.1248097193893 63.410691984929144 33.40978641435504 10.075403368100522 22.925300791859627 16.97451650723815 5.5894805714488021 21.224397774785757 165.92479751631618 2.646785929799079
leaf_count=54 461 522 880 553 162 207 224 1592 1234 363 345 56 953 3165 165 20 897 116 18728 541 97 126 25 76 31 35 239 29
internal_value=-0.000288708 -0.0411345 0.045125 -0.00835092 0.0268078 0.0337308 -0.0352767 0.0022982 0.0194015 -0.0569681 0.0282532 -0.0393966 0.0521858 -0.05166 -0.00490124 -0.0601568 -0.0230916 0.0282901 -0.0625161 -0.063585 0.0230348 0.0632759 0.0236011 0.0645827 -0.0547402 0.0308372 0.0659132 -0.0671838
internal_weight=4276.4 2251.48 2024.92 733.756 1009.07 913.989 372.287 338.53 361.469 1517.72 328.554 95.0854 575.459 296.147 87.7301 1429.99 86.2212 76.1399 1343.77 73.2247 56.5629 1015.85 33.0007 982.845 31.1672 38.1989 944.646 32.9146
internal_count=31896 26950 4946 6127 3565 2914 4058 1799 2069 20823 1579 651 1115 3718 656 20167 917 340 19250 595 262 1381 151 1230 394 111 1119 490
is_linear=0
shrinkage=0.05


Tree=8
num_leaves=31
num_cat=0
split_feature=44 44 38 31 16 22 31 7 2 24 5 37 1 36 24 30 24 24 7 2 44 42 31 17 24 45 2 25 29 44
split_gain=2742.09 435.461 307.321 268.083 213.15 129.477 109.702 110.912 107.195 99.7017 70.9516 67.1245 75.2666 56.9499 49.713 44.8385 48.525 34.7623 43.8092 32.6262 31.5337 27.0526 27.113 24.6779 18.241 15.3225 15.0864 13.4479 13.4394 6.50708
threshold=0.89699381589889537 0.74560862779617321 0.003795489552430809 0.040429620072245605 0.98264595866203319 1.0000000180025095e-35 0.026621983386576179 0.91380706429481517 0.12330029159784318 0.10714414715766908 0.0036775660701096062 0.067676059901714339 0.25467909872531896 0.00060187524650245916 0.22558574378490451 0.0044700899161398419 0.16736242175102237 0.36721420288085943 0.85918143391609203 0.14047840982675555 0.94312667846679699 0.53125000000000011 0.018530223518610004 0.15833333879709247 0.16736242175102237 0.043322768062353141 0.12451204657554628 0.0001702264780760743 0.49825373291969305 0.90283238887786876
decision_type=2 2 2 2 2 2 2 2 2 2 2 2 2 2 2 2 2 2 2 2 2 2 2 2 2 2 2 2 2 2
left_child=1 10 6 4 9 -6 11 26 25 -3 21 20 -13 19 -9 16 -10 27 -19 -12 -2 22 -1 -17 -15 29 -8 -5 -23 -4
right_child=2 3 8 17 5 -7 7 14 15 -11 13 12 -14 24 -16 23 -18 18 -20 -21 -22 28 -24 -25 -26 -27 -28 -29 -30 -31
leaf_value=-0.016666965672998978 -0.04386738781485134 -0.045685417218373589 0.0093047788667699523 0.05853519612846006 -0.047329859413212043 0.05545723695194598 -0.01064075739590755 0.0093466932429054263 -0.0447877662850064 0.031714904997913136 0.039270894520118983 0.04150343166657014 -0.068026656337443633 0.017741776789947674 -0.057022680206410339 0.025683991685338275 0.043751882453234907 0.066386470672271922 -0.068665251433461832 -0.043101207809007627 -0.065422641219373009 0.062859144197730879 0.06213135487679209 -0.069038287303574697 0.063170397595354158 0.048362042983117332 0.051388283205020237 0.020432573442498499 0.033786821682323533 -0.066913979940223287
leaf_weight=22.734725562855601 212.00551858637482 47.619945611804724 2.7326365746557704 251.58194646798074 282.51404602825642 33.505783066153526 12.072805641219018 35.969320668838918 16.52076043561101 290.88435371872038 16.587877004407346 33.64209658280015 27.680153537541628 36.449320830404758 125.68822846468538 10.370598755776884 143.3937858864665 9.7562820315361041 12.618078198283909 37.429325646720827 1079.053194876411 1035.3944172561169 19.435794144868851 17.203558564186096 59.446650363504887 2.6036810167133799 44.947179708629847 27.027023360133171 45.22199784219265 46.694985589012504
leaf_count=78 2857 398 22 391 3043 48 129 267 147 1014 72 174 442 92 1851 52 491 10 190 324 16910 1339 24 255 76 6 160 87 93 761
internal_value=-0.000450724 0.03668 -0.046141 0.0111524 -0.00681778 -0.0362914 -0.0541797 -0.0211971 0.00659253 0.0207239 0.0558215 -0.0594934 -0.00823541 0.0233061 -0.0422886 0.0242353 0.0343834 0.0501239 -0.00945554 -0.0175519 -0.0619197 0.0601383 0.020248 -0.0337613 0.0462646 -0.0562394 0.0382979 0.0549253 0.0616749 -0.0625992
internal_weight=4038.79 2228.21 1810.58 955.507 654.524 316.02 1571.06 218.678 239.52 338.504 1272.7 1352.38 61.3223 149.913 161.658 187.489 159.915 300.983 22.3744 54.0172 1291.06 1122.79 42.1705 27.5742 95.896 52.0313 57.02 278.609 1080.62 49.4276
internal_count=31803 7279 24524 5181 4503 3091 22790 2407 1734 1412 2098 20383 616 564 2118 945 638 678 200 396 19767 1534 102 307 168 789 289 478 1432 783
is_linear=0
shrinkage=0.05


Tree=9
num_leaves=27
num_cat=0
split_feature=44 34 44 31 0 17 0 30 1 2 37 17 36 2 17 41 31 6 29 2 31 31 0 38 25 36
split_gain=2448.67 483.819 243.326 162.393 136.524 128.254 129.223 101.15 83.1173 65.3753 64.6414 66.7851 60.4092 54.9341 48.2186 43.3911 33.5811 26.4489 25.5923 16.3549 16.3466 15.7211 8.31286 14.5522 8.32044 2.90362
threshold=0.82478070259094249 0.25069467723369604 0.94570022821426403 0.032394660636782653 0.5242542326450349 0.99166667461395275 0.36320692300796514 0.0030931073706597094 0.90055435895919811 0.11560932546854021 0.067676059901714339 0.7749999761581422 0.0006573236023541541 0.11136212572455408 0.091666668653488173 0.0011846956913359465 0.043609214946627624 -0.046469321474432938 -0.25146497786045069 0.10613859072327615 0.1429480388760567 0.050190525129437454 0.88124960660934459 0.0046219814103096732 -0.00047817530867177988 0.00035991180629935121
decision_type=2 2 2 2 2 2 2 2 2 2 2 2 2 2 2 2 2 2 2 2 2 2 2 2 2 2
left_child=3 2 4 5 7 8 17 -2 13 -3 16 -12 -8 -1 -6 21 -4 -7 -17 20 -5 -11 24 -24 -21 -10
right_child=1 9 10 19 14 6 12 -9 25 15 11 -13 -14 -15 -16 18 -18 -19 -20 22 -22 -23 23 -25 -26 -27
leaf_value=-0.039352495470434207 0.020903875179192358 -0.064383654346052838 -0.061774641985044933 -0.018665752778220589 0.029688729844484923 -0.031294412543008764 -0.058303295963381588 -0.027892198397317481 -0.0875246460796755 -0.06133585115162047 -0.058871779549748572 0.03120480233578914 0.040929095190954827 0.046193694893259918 -0.055888080199074909 0.058938804461062172 -0.024141759050963347 0.050231980026787706 0.022160817688395704 0.064066853151587708 0.057474984643099462 0.026493795912523252 -0.0085699622761439588 0.062520082958700235 0.049516392677082466 -0.033136722478958353
leaf_weight=18.715808404609561 222.25993919931352 15.814580049831418 1120.6473071703222 13.292357400059702 17.173545244149864 10.795174306258557 92.863774159923196 201.56604025419801 9.9171782908961159 13.124352298676969 39.518660893663764 40.900417051278055 17.589844763278961 539.26894588582218 220.42233514878899 126.20470524020493 64.401069375686347 73.381074506789446 78.158914966508746 697.50321771390736 13.169342696666716 7.2516583614051333 12.257753075100483 15.730544447898863 138.41839042305946 5.5014265924692145
leaf_count=190 1190 269 18517 69 91 88 950 2254 77 150 647 267 35 1141 3118 269 798 195 367 886 20 16 73 19 243 31
internal_value=-0.000638442 -0.0356215 -0.0439675 0.0450764 -0.0193507 0.0281726 -0.00687276 -0.00231392 0.0400593 0.0311368 -0.0568085 -0.0132391 -0.042275 0.0432591 -0.049604 0.0381139 -0.0597516 0.039532 0.0450495 0.0596097 0.0199407 -0.0303009 0.0608003 0.0321639 0.0617195 -0.071319
internal_weight=3825.85 2167.44 1926.89 1658.4 661.422 768.033 194.63 423.826 573.403 240.554 1265.47 80.4191 110.454 557.985 237.596 224.74 1185.05 84.1762 204.364 890.372 26.4617 20.376 863.91 27.9883 835.922 15.4186
internal_count=31970 27953 26882 4017 6653 2707 1268 3444 1439 1071 20229 914 985 1331 3209 802 19315 283 636 1310 89 166 1221 92 1129 108
is_linear=0
shrinkage=0.05


Tree=10
num_leaves=27
num_cat=0
split_feature=34 20 7 30 2 17 2 0 24 29 45 31 36 30 24 2 17 9 13 7 0 31 29 9 9 2
split_gain=1369.25 600.65 497.523 241.553 190.337 140.068 156.255 137.156 132.339 92.6135 73.2779 54.4184 50.6709 48.8428 60.0318 42.9947 36.7666 24.1012 19.5664 21.1073 14.692 14.4279 12.6511 8.53372 5.77089 3.42702
threshold=0.23387677967548373 0.98186728358268749 0.89425009489059459 0.0029841739451512699 0.10825660452246667 0.24166666716337207 0.12903869897127154 0.74029171466827404 0.10064480453729631 0.53535839915275585 0.058454584330320365 0.061415445059537895 0.00079627017839811753 0.0038368580862879757 0.13100054860115054 0.10725653171539308 0.058333335444331176 0.14235637336969378 0.4131906926631928 0.84060665965080272 0.37640704214572912 0.0050317246932536372 -0.12457648664712904 0.087750360369682326 0.19937840849161151 0.16972421854734424
decision_type=2 2 2 2 2 2 2 2 2 2 2 2 2 2 2 2 2 2 2 2 2 2 2 2 2 2
left_child=1 4 3 21 24 6 -4 8 -6 13 -7 -5 18 15 -15 17 -9 -2 19 -11 -16 -3 -17 -20 -1 -14
right_child=9 2 5 11 7 10 -8 16 -10 12 -12 -13 25 14 20 22 -18 -19 23 -21 -22 -23 -24 -25 -26 -27
leaf_value=-0.067674803823811566 -0.062403298251375507 0.024621959378100192 -0.055914163583811696 -0.04765082819201092 -0.033101170847339594 -0.05442374279560816 0.043505786531579903 0.050844148406388193 0.035825257428306778 0.033139424244350374 0.062623967051740059 0.049735386909194955 0.029062593278413429 -0.074136244585490507 0.05942004950271447 0.061222394892485738 -0.065917935717880002 0.040855561667938356 -0.017828898003364391 -0.064676557938665127 0.0032561770576777661 0.063780534652874712 0.041378904958660055 0.049318319074768968 0.0025242302129034767 0.064658086472615436
leaf_weight=64.666055291891098 10.821799959987404 29.705443584360182 73.557590577052906 100.07901992555708 77.387107749003917 1310.2159443916753 83.104196586180478 7.0006745420396319 636.87146278331056 5.9811123814433804 12.720639288425444 15.881485290825365 15.696971811354159 14.680535200983284 29.800043731927872 725.52172265341505 50.828055088408291 9.8860064037144166 9.1143584828823823 31.840970323886722 18.917495638132095 155.93774519581348 100.56639211811125 8.0519778057932836 2.9904427081346503 16.673211097717285
leaf_count=1111 187 194 1029 1493 626 20993 287 20 2620 18 16 41 61 162 68 1149 734 34 78 312 137 254 272 18 27 20
internal_value=-0.000631685 -0.0196073 -0.0360358 0.0224343 0.0152409 -0.0479616 -0.00323354 0.02231 0.0283215 0.0491942 -0.0532518 -0.034002 1.5651e-05 0.0539091 0.0113745 0.0570764 -0.0511589 -0.0134959 -0.0290523 -0.0487529 0.0381152 0.0576801 0.0588596 0.014648 -0.0645804 0.0487853
internal_weight=3618.5 2620.95 1781.2 301.604 839.744 1479.6 156.662 772.087 714.259 997.553 1322.94 115.961 87.3586 910.194 63.3981 846.796 57.8287 20.7078 54.9884 37.8221 48.7175 185.643 826.088 17.1663 67.6565 32.3702
internal_count=31961 29445 24307 1982 5138 22325 1316 4000 3246 2516 21009 1534 507 2009 367 1642 754 221 426 330 205 448 1421 96 1138 81
is_linear=0
shrinkage=0.05


Tree=11
num_leaves=27
num_cat=0
split_feature=34 9 16 0 2 22 2 25 25 25 29 30 22 2 34 0 31 2 35 6 22 29 6 31 16 25
split_gain=1248.83 547.886 404.148 245.999 153.491 126.734 109.042 107.378 91.4944 75.2544 56.0508 46.8432 46.5616 40.0755 33.6667 27.793 46.0186 24.2251 24.3187 12.1294 11.8268 10.7617 10.6969 7.40329 6.8284 6.26491
threshold=0.24333363026380542 0.029286806471645836 0.98234087228775036 0.74029171466827404 0.12000611051917077 1.0000000180025095e-35 0.10669768974184991 -0.00089538836618885387 -0.00037510746915359045 -0.0027189177926629777 0.53535839915275585 0.0038961432874202733 1.0000000180025095e-35 0.16612013429403308 0.30098859965801245 0.37640704214572912 0.045672580599784858 0.1087399832904339 0.016216130927205089 0.048466393724083907 1.0000000180025095e-35 -0.26034989953041071 0.25236733257770544 0.010270537342876198 0.21576974540948871 -0.0018503337050788102
decision_type=2 2 2 2 2 2 2 2 2 2 2 2 2 2 2 2 2 2 2 2 2 2 2 2 2 2
left_child=1 2 4 6 19 9 12 -6 -8 -4 11 17 -3 14 25 -13 -17 18 -2 -1 24 -7 -16 -19 -5 -12
right_child=10 3 5 20 7 21 8 -9 -10 -11 13 15 -14 -15 22 16 -18 23 -20 -21 -22 -23 -24 -25 -26 -27
leaf_value=-0.062435177505971932 0.044295888030126268 -0.066730285507900111 0.02156570121825295 0.011395740073394315 0.041585840124182066 0.062560120619016224 0.051329986778743501 -0.006012414606456737 0.0093306708358459316 -0.052321696126413623 -0.021123436447766764 0.050199554744364418 0.052375500941035706 0.056435867688256251 -0.0071472334987547903 -0.066819428657627841 0.058414732587069418 0.049345013824211942 -0.059176033465369364 -0.016804126032376344 0.029683906581419908 0.010419974549451117 0.056993800967780173 0.06128852660436556 -0.065645846673111546 -0.077106307955635695
leaf_weight=79.154832027154043 13.773881854489447 37.400160228833556 34.955961218103766 2.6997394338250151 206.58925662469119 21.586467960849404 374.4371879324317 275.5533840614371 198.88722385838628 1214.8869893837837 8.5307166520506161 20.926338572055101 9.6307972781360132 27.114770777523518 13.773383483290674 19.842290651053194 10.399112585932015 209.26575341820717 8.2290448648855072 18.903738433960825 3.0341009777039281 18.457715712487698 10.98780709132552 566.33291836362332 79.417823377531022 15.685615114867685
leaf_count=1334 43 656 226 22 647 35 1064 2104 1536 20287 79 56 18 46 93 239 23 489 151 214 11 104 19 866 1448 175
internal_value=0.000206652 -0.0176906 -0.0318505 0.0198348 0.00280638 -0.0474295 0.0307885 0.0144264 0.036802 -0.0502396 0.0500131 0.0536955 -0.0417577 0.00877436 -0.0182131 0.00716724 -0.0232638 0.0566676 0.0047074 -0.0538969 -0.0593974 0.0393664 0.0224229 0.0581337 -0.0630064 -0.0590049
internal_weight=3500.46 2575.6 1870.09 705.507 580.201 1289.89 620.355 482.143 573.324 1249.84 924.862 848.769 47.031 76.0923 48.9775 51.1677 30.2414 797.602 22.0029 98.0586 85.1517 40.0442 24.7612 775.599 82.1176 24.2163
internal_count=31985 29706 24951 4755 4299 20652 3274 2751 2600 20513 2279 1867 674 412 366 318 262 1549 194 1548 1481 139 112 1355 1470 254
is_linear=0
shrinkage=0.05


Tree=12
num_leaves=31
num_cat=0
split_feature=44 38 44 32 44 7 16 25 0 44 37 39 25 0 34 0 21 9 40 31 6 1 28 29 20 13 41 40 0 4
split_gain=1798.7 255.346 232.719 143 111.831 96.557 125.695 86.5525 77.1343 63.2642 50.0857 53.0847 39.2851 38.0825 31.4032 28.3441 27.5574 24.4342 24.16 22.9317 21.063 19.3313 18.8744 13.8948 13.2431 11.2934 11.2441 9.25379 8.41355 2.37164
threshold=0.8760964870452882 0.003795489552430809 0.74788135290145885 0.0029544805875048046 0.94570022821426403 0.97145026922225963 0.9411187767982484 -0.00054580331197939802 0.73028257489204418 0.96824595332145702 0.053526433184742934 0.00053358715376816701 4.6487912186421461e-05 0.77148109674453746 0.29452645778656011 0.29167352616786962 0.83090016245841991 0.018924547359347347 0.10787010937929155 0.050190525129437454 0.11998001113533975 0.90292266011238109 -0.47223643958568567 0.58425384759902965 0.9806933104991914 0.067997254431247725 0.0014686274807900193 0.28627975285053259 0.42501328885555273 0.00078457160270772885
decision_type=2 2 2 2 2 2 2 2 2 2 2 2 2 2 2 2 2 2 2 2 2 2 2 2 2 2 2 2 2 2
left_child=2 4 12 5 7 13 -7 8 -2 20 19 -12 21 -4 15 -5 -9 18 -14 -6 24 23 25 -1 -3 -11 -22 -24 -19 -16
right_child=1 9 3 14 10 6 -8 16 -10 22 11 -13 17 -15 29 -17 -18 28 -20 -21 26 -23 27 -25 -26 -27 -28 -29 -30 -31
leaf_value=0.057645291782647858 0.025886277901350799 0.021076757888273782 0.034945668047326434 0.047839565665994607 -0.059662366355366515 0.028193248814834357 -0.048716389148715337 0.0067930095680809799 -0.060898172288585496 0.034076818717263348 0.0037430956206473036 -0.060613846486298285 -0.027812895976647878 -0.062471106992057324 0.060086148718825449 0.0068727976546378968 -0.050087782644644196 0.063420779545383943 0.034913778808687394 -0.013470721146951565 0.0020635393372036796 0.011657174919851368 -0.052741502801191456 0.024555832574547479 -0.027456048254049792 -0.03953349159448289 0.054800505144014612 -0.0018842249985027469 0.025729391829436718 0.039564594925787094
leaf_weight=820.01188023947179 118.62426040321589 61.097501095384359 123.93641902366653 72.821888776496053 880.50404631189303 75.756408812943846 172.68719184352085 24.054873974993825 31.587760791182518 15.85755784623325 72.461716110818088 56.288588039577007 31.872370509430766 10.000129811000077 112.09618439339101 99.576271146535873 170.65758238080889 32.79239360243082 27.801826998591423 28.405786533840001 11.980410512536762 25.547546917572618 42.608169263228774 35.143002055585384 17.241018369793892 6.5925004519522181 66.531765352934599 11.347859323024748 30.381214220076799 25.733937714248896
leaf_count=1378 719 341 538 170 17329 297 2111 229 585 98 753 1094 276 168 179 588 2902 49 103 349 88 79 716 88 218 109 153 94 115 57
internal_value=2.57028e-06 -0.0377373 0.0359564 0.0136352 -0.0458967 -0.00683031 -0.0252458 -0.0211481 0.00735452 0.0106149 -0.0540949 -0.0246435 0.0513327 0.0272632 0.0388014 0.0243535 -0.0430619 0.0245613 0.00150484 -0.0582351 0.0287332 0.055035 -0.0264699 0.0563157 0.0101841 0.0116969 0.0468804 -0.0422743 0.0459778 0.0565672
internal_weight=3312 1615.84 1696.16 692.608 1382.58 382.38 248.444 344.924 150.212 233.257 1037.66 128.75 1003.55 133.937 310.228 172.398 194.712 122.848 59.6742 908.91 156.851 880.702 76.4061 855.155 78.3385 22.4501 78.5122 53.956 63.1736 137.83
internal_count=31973 25777 6196 4108 23960 3114 2408 4435 1304 1817 19525 1847 2088 706 994 758 3131 543 379 17678 800 1545 1017 1466 559 207 241 810 164 236
is_linear=0
shrinkage=0.05


Tree=13
num_leaves=30
num_cat=0
split_feature=44 44 38 31 30 0 2 36 38 30 1 34 5 2 0 1 0 2 7 2 32 1 7 7 44 43 29 29 17
split_gain=1622.95 312.935 176.351 160.828 124.455 156.32 103.708 73.0324 58.0359 35.2078 48.0562 33.7218 30.9591 30.3125 32.6292 29.9341 49.36 25.2119 21.0419 20.7701 19.2545 21.2059 17.945 16.1905 30.0748 10.4131 6.44805 6.409 1.40662
threshold=0.91403940320014965 0.74560862779617321 0.0022927459795027976 0.034772275015711791 0.0032256916165351872 0.69671961665153515 0.12451204657554628 0.00074355816468596469 0.003795489552430809 0.0038238466950133447 0.29120439291000372 0.15356014668941501 0.0040494154673069724 0.12330029159784318 0.40783654153347021 0.30242420732975012 0.23390356451272967 0.16876113414764407 0.72937968373298656 0.11136212572455408 0.0025262442650273447 0.18814736604690555 -0.77778002619743336 0.98714569211006176 0.69160839915275585 0.049235926941037185 0.15427552908658984 0.71440461277961742 0.34166666865348821
decision_type=2 2 2 2 2 2 2 2 2 2 2 2 2 2 2 2 2 2 2 2 2 2 2 2 2 2 2 2 2
left_child=1 9 4 8 5 -3 18 -6 15 23 28 -12 19 -10 -15 16 -2 -14 -5 -4 21 -8 -17 26 -25 -20 -1 -22 -11
right_child=3 2 12 6 7 -7 20 -9 13 10 11 -13 17 14 -16 22 -18 -19 25 -21 27 -23 -24 24 -26 -27 -28 -29 -30
leaf_value=0.05885724475100973 -0.014157494051959766 0.026726051853264179 -0.023459511682140187 0.04903487107238752 -0.051485459996148342 -0.066696645754863129 0.042938839053244804 0.034531653973122682 -0.060037249640222737 0.066545356226546323 -0.071733404354545505 0.020743685684683613 -0.016571309111272685 0.020652343076883305 -0.044222010315171409 0.053280051957488653 -0.05457157633002814 0.047743194863052597 -0.061336160170383763 0.045702367131162908 0.054159971381470384 -0.02623101755524096 -0.060366590650164725 0.052042972219595168 0.01400597056316618 0.035933122598541124 0.03542990035364784 0.01389039670458924 0.041485994907404851
leaf_weight=566.33449856098741 113.37819917860907 250.94491780083627 10.724030865356324 4.3228302150964728 180.7085683811456 53.471639695577323 18.751221285201609 27.841414399445057 27.842419137246907 19.672848895192146 17.459982803091407 20.425274524837732 44.58550647739321 57.733043398708105 27.928945293650031 2.7713805437088004 230.87952523218701 21.902746062725782 56.341130783781409 271.5957961473614 55.730260718613863 24.259783750399947 664.6324814055115 205.71419249288738 70.64677101932466 2.2656256761401883 36.737063709646463 12.979122817516325 19.753972932696342
leaf_count=965 1660 1140 129 12 3029 859 89 75 612 27 253 98 412 324 399 3 4674 64 1161 684 145 359 13992 375 230 10 80 93 63
internal_value=-0.000201767 0.0302879 0.00841736 -0.0428491 -0.0102322 0.0101514 0.00178453 -0.0398922 -0.0497727 0.0499582 0.0173271 -0.0226245 0.0357947 -0.0157019 -0.000765285 -0.053576 -0.0413411 0.00500885 -0.0490968 0.0430017 0.0306261 0.00421496 -0.0598157 0.0528039 0.042405 -0.0570362 0.0574911 0.0468615 0.0553267
internal_weight=3118.34 1818.52 861.775 1299.82 512.967 304.417 174.65 208.55 1125.17 956.745 77.3121 37.8853 348.808 113.504 85.662 1011.66 344.258 66.4883 62.9296 282.32 111.72 43.011 667.404 879.433 276.361 58.6068 603.072 68.7094 39.4268
internal_count=32016 8483 6392 23533 5103 1999 1869 3104 21664 2091 441 351 1289 1335 723 20329 6334 476 1183 813 686 448 13995 1650 605 1171 1045 238 90
is_linear=0
shrinkage=0.05


Tree=14
num_leaves=30
num_cat=0
split_feature=44 44 32 5 0 38 16 37 17 2 34 0 31 2 1 25 3 31 0 31 5 2 31 1 41 39 17 45 13
split_gain=1381.5 313.26 190.84 123.541 133.48 103.923 70.1678 54.2775 59.4895 51.1203 38.5185 41.1348 37.6589 33.3933 30.5905 30.4133 30.3423 22.9633 22.3741 28.0848 12.8563 12.5118 14.9942 11.1523 7.60292 6.54613 4.95235 2.85655 1.31885
threshold=0.93142634630203258 0.728990137577057 0.0028798455605283384 0.0031062887283042078 0.69671961665153515 0.003795489552430809 0.97203209996223461 0.067676059901714339 0.7749999761581422 0.12552835792303088 0.29452645778656011 0.41458590328693395 0.050190525129437454 0.13086953014135363 0.25467909872531896 -0.00054580331197939802 0.0025351291988044982 -0.0051595747936516992 0.40040524303913122 0.023858900181949142 0.00061753133195452403 0.10773930698633195 0.12875780463218692 0.89807710051536571 0.0011027761502191427 0.0014881177921779456 0.89166665077209484 0.031673086807131774 0.43030031025409704
decision_type=2 2 2 2 2 2 2 2 2 2 2 2 2 2 2 2 2 2 2 2 2 2 2 2 2 2 2 2 2
left_child=1 15 3 4 -3 7 -5 12 28 27 11 -4 20 -14 -10 21 17 -11 26 -20 -2 22 -1 -23 -12 -18 -17 -7 -9
right_child=5 2 10 6 -6 9 -8 8 14 16 24 -13 13 -15 -16 18 25 -19 19 -21 -22 23 -24 -25 -26 -27 -28 -29 -30
leaf_value=-0.029594608551052948 -0.027659127302956773 0.025720912168014476 0.03612463410316627 0.0094437995155295679 -0.059430898083679122 -0.059754613765635213 -0.050658911208314061 -0.062148106911650562 0.055471647357955449 -0.021777217663831644 0.017348630995555604 -0.0050601383233351725 -0.051119859831826465 0.03073396568924297 -0.039095827915739373 0.057724115030441947 -0.061742298449685755 0.039925169009961722 -0.0047000106912740373 0.045454980106296755 -0.056369155384906049 0.057341986574773254 0.054344934274339653 0.020164899028686206 0.053531912474220636 0.0090743732670526475 0.025434653570614581 0.0034809768887125595 -0.010911883734740667
leaf_weight=9.364593833684923 43.991752642323263 255.11850048508495 154.99331486225128 63.781155601143837 55.125915449112654 30.722269410965964 198.80620454763994 28.777222684351731 31.252911759540439 18.584516834467649 17.219253081828356 98.811419125646353 23.243839282775298 24.687765518203378 10.829628653824328 66.304802119731903 12.699218665016817 68.165950355120003 63.844300764147192 48.362751241773367 818.63903580862097 596.64841462206095 10.050327122211455 22.315997587516904 167.04818487539887 3.9766516014933577 17.289957195520401 1.7792766839265812 1.8078095503151406
leaf_count=66 670 1253 563 376 954 720 3580 633 98 192 51 853 468 153 198 123 229 283 366 113 18429 1058 18 61 346 25 69 20 27
internal_value=0.000237677 0.0268176 0.00808769 -0.010906 0.0104483 -0.0435678 -0.0360798 -0.0492276 -0.00752846 -0.00256758 0.0328925 0.0201336 -0.0525435 -0.00919354 0.0307928 0.0494786 0.0146927 0.0266092 0.0319576 0.017128 -0.0549387 0.0547942 0.0143911 0.0560363 0.0502626 -0.0452969 0.0514253 -0.0562922 -0.059561
internal_weight=2964.24 1845.09 1010.9 572.832 310.244 1119.16 262.587 983.23 72.6676 135.928 438.072 253.805 910.562 47.9316 42.0825 834.181 103.426 86.7505 195.802 112.207 862.631 638.379 19.4149 618.964 184.267 16.6759 83.5948 32.5015 30.585
internal_count=31995 9850 7976 6163 2207 22145 3956 20676 956 1469 1813 1416 19720 621 296 1874 729 475 671 479 19099 1203 84 1119 397 254 192 740 660
is_linear=0
shrinkage=0.05


Tree=15
num_leaves=29
num_cat=0
split_feature=44 44 22 38 2 16 37 2 39 43 22 0 5 36 34 3 24 24 40 31 24 39 40 43 3 0 29 24
split_gain=1290.96 235.944 152.362 124.476 124.002 108.442 55.9577 55.9117 52.3541 51.7685 44.2537 36.2754 28.9651 24.9167 27.4735 24.8979 21.3896 19.3716 31.3288 18.0319 10.0482 9.99513 8.51795 8.08895 7.5384 6.32466 5.10986 1.49476
threshold=0.91403940320014965 0.728990137577057 1.0000000180025095e-35 0.003795489552430809 0.12361685559153558 0.97665259242057811 0.054243758320808418 0.12330029159784318 0.00053358715376816701 0.049235926941037185 1.0000000180025095e-35 0.74029171466827404 0.0034515790175646548 0.00054183386964723479 0.12095344439148904 0.0025351291988044982 0.17043682932853702 0.35109464824199682 0.15491821616888049 0.050190525129437454 0.16018040478229525 0.0022305456222966318 0.3356152623891831 0.011003046296536924 0.00097431679023429762 0.29167352616786962 0.15427552908658984 0.10399341955780984
decision_type=2 2 2 2 2 2 2 2 2 2 2 2 2 2 2 2 2 2 2 2 2 2 2 2 2 2 2 2
left_child=1 12 4 6 9 -6 10 -5 11 -3 19 -8 17 14 -14 16 -9 26 -19 -2 -15 -17 -10 -12 27 -26 -1 -4
right_child=3 2 24 7 5 -7 8 15 22 -11 23 -13 13 20 -16 21 -18 18 -20 -21 -22 -23 -24 -25 25 -27 -28 -29
leaf_value=0.056209142126762507 -0.054660091076137778 -0.055636463412278361 0.041844748755803296 -0.058539321345912845 0.031833297524722658 -0.01143099378195675 0.027233530336323919 -0.028718155814574355 -0.058354293069062368 0.053816844352204511 -0.009119190216832114 -0.059710776668414178 -0.051626436195389397 0.017925471330138869 0.030096093104586632 -0.05445170177670694 0.035554692710754184 -0.049943834518096135 0.047145019769351704 -0.013964991761046831 0.053560018669640809 0.027678879683380349 0.036545527282075295 0.055845271109334654 0.054800135201200667 0.0109512036168147 0.036690599601966682 0.060555368283547031
leaf_weight=573.36332565546036 812.63571172230877 111.00660473201424 23.309509497135878 29.837800820590928 285.51838202541694 292.11449815472588 61.512640922097489 14.359765743836759 49.477969334926456 11.164550425484775 8.6720941290259379 13.868788172025232 17.507528482005 32.140901420265436 22.175471980124712 14.285943001275884 88.584221513941884 11.199799871072171 25.343144806101918 28.999129525851458 57.042280852794647 4.2005693633109322 1.8370213247835625 9.0793120972812158 13.792930275201796 19.98218921199441 43.647610001266003 116.17826754972339
leaf_count=1091 19285 1826 57 753 1063 3372 491 170 1180 29 82 318 247 104 105 264 395 73 56 419 100 19 4 22 24 72 111 201
internal_value=0.000412408 0.0285826 0.0106933 -0.0405802 0.000275742 0.00997219 -0.0470528 0.00164454 -0.015876 -0.0452784 -0.0516253 0.0106651 0.0485054 0.026526 -0.00634139 0.0167902 0.0263992 0.0527921 0.0168512 -0.0532761 0.0410588 -0.035327 -0.0543234 0.0253144 0.0525266 0.0299189 0.05489 0.0577488
internal_weight=2792.84 1655.49 873.067 1137.35 699.804 577.633 986.083 151.268 126.696 122.171 859.386 75.3814 782.42 128.866 39.683 121.43 102.944 653.554 36.5429 841.635 89.1832 18.4865 51.315 17.7514 173.263 33.7751 617.011 139.488
internal_count=31933 8531 6644 23402 6290 4435 21801 1601 1993 1855 19808 809 1887 556 352 848 565 1331 129 19704 204 283 1184 104 354 96 1202 258
is_linear=0
shrinkage=0.05


Tree=16
num_leaves=29
num_cat=0
split_feature=44 37 38 32 0 2 1 35 0 2 5 24 5 6 35 0 5 2 40 4 31 36 30 41 31 43 36 0
split_gain=1120 173.042 134.981 131.803 104.699 57.6784 54.3644 64.6316 92.3923 53.2575 48.7082 67.5556 48.5711 32.4048 29.0463 31.9679 28.2744 48.3681 21.7047 20.0294 19.8232 19.1629 18.734 17.4802 16.6247 4.37432 4.57314 3.67932
threshold=0.89699381589889537 0.029798674397170547 0.0031444340711459522 0.0024396871449425821 0.91543772816658031 0.12451204657554628 0.25467909872531896 0.077722117304801955 0.52051723003387462 0.10242147743701936 0.0031799726421013479 0.30491694808006292 0.003499650396406651 0.021201548166573051 0.036216691136360175 0.3661517351865769 0.001696971361525357 0.14243055880069735 0.2284909784793854 0.00088766482076607655 0.038881113752722747 0.0013724858290515842 0.0028033367125317459 0.00093904606183059524 0.11900128424167634 0.023753215558826927 0.00077895945287309598 0.454249918460846
decision_type=2 2 2 2 2 2 2 2 2 2 2 2 2 2 2 2 2 2 2 2 2 2 2 2 2 2 2 2
left_child=1 3 6 10 9 25 7 18 -9 24 11 -1 -11 19 27 -16 17 -8 -2 -7 -18 -6 -12 -15 -3 -4 -27 -5
right_child=2 4 5 14 21 13 16 8 -10 12 22 -13 -14 23 15 -17 20 -19 -20 -21 -22 -23 -24 -25 -26 26 -28 -29
leaf_value=0.022670101379115393 -0.054821629918088602 -0.068061722726994456 -0.058983726969039578 0.056009616898903915 -0.065582384477351152 -0.046395454291564393 -0.050603182348346813 0.019469732034488624 -0.062102376476446557 0.050439383616801538 0.0054234834781394957 -0.059018906575390565 0.021234607891529377 -0.032971977447409415 0.037091497511959122 -0.01704383098923401 -0.057535872562236794 0.03776432715286749 0.01686339603761286 0.016991249457426815 -0.021745153864230395 0.061942762882081129 -0.052523135513323264 0.038488993389855633 0.037910337242216319 -0.047174883828831754 0.028798008795439929 0.032161140783199205
leaf_weight=91.030337261036038 142.2822975225281 13.115990279242398 31.871213825419545 80.659114073961973 25.841527551878247 25.775491111679003 43.83299326710403 116.90425758436322 48.203908391064033 791.58346465043724 15.959607880562542 33.909218560904264 176.1002227794379 8.6456928439438325 62.026293477043509 47.26800156570971 559.53669062186964 22.776910588843748 10.956229593604801 22.564157731831074 43.288805817253888 2.5175321698188773 100.71754486928694 94.281501860357821 4.2846973910927764 2.9947247896343461 2.9952546879649162 26.563423013314605
leaf_count=397 3857 210 835 177 499 407 980 1236 1187 1902 94 448 1001 103 203 330 14466 135 103 213 751 3 1862 404 13 73 22 130
internal_value=0.000257704 0.0293268 -0.0360835 0.0038131 0.0408453 0.0026041 -0.0434861 -0.0263459 -0.00457603 0.0435842 -0.021534 0.000206712 0.0451521 0.016467 0.0320676 0.0137366 -0.0515856 -0.0202747 -0.0496202 -0.0170629 -0.055006 -0.0525373 -0.0446182 0.0322269 -0.0413253 -0.0517808 -0.0105001 0.0504531
internal_weight=2648.49 1471.58 1176.91 458.134 1013.44 189.128 987.782 318.347 165.108 985.084 241.617 124.94 967.684 151.267 216.517 109.294 669.435 66.6099 153.239 48.3396 602.825 28.3591 116.677 102.927 17.4007 37.8612 5.98998 107.223
internal_count=32041 7269 24772 3641 3628 2057 22715 6383 2423 3126 2801 845 2903 1127 840 533 16332 1115 3960 620 15217 502 1956 507 223 930 95 307
is_linear=0
shrinkage=0.05


Tree=17
num_leaves=26
num_cat=0
split_feature=44 32 20 31 1 24 2 22 2 25 0 1 1 1 35 6 39 1 6 2 2 24 22 43 29
split_gain=1032.72 214.194 115.717 83.6679 76.6978 68.5147 67.1442 65.7328 46.7898 41.9728 35.6132 35.1686 37.7059 35.1415 31.7777 20.869 18.6933 17.0725 15.3094 11.6578 6.83517 14.1188 5.71907 3.75737 2.96232
threshold=0.82182541489601146 0.0028798455605283384 0.97224143147468578 0.032394660636782653 0.90292266011238109 0.10714414715766908 0.12451204657554628 1.0000000180025095e-35 0.12199999764561655 -0.00078581835259683419 0.41458590328693395 0.31862467527389532 0.099069330841302886 0.30242420732975012 0.036533704027533538 -0.38791985809803003 0.0044500303920358428 0.70019173622131359 0.11998001113533975 0.10425624996423723 0.16174234449863437 0.15052010864019397 1.0000000180025095e-35 0.016655648127198223 0.2729835063219071
decision_type=2 2 2 2 2 2 2 2 2 2 2 2 2 2 2 2 2 2 2 2 2 2 2 2 2
left_child=3 2 11 4 5 14 16 13 -7 18 -11 12 -2 -4 -1 -13 22 -18 -8 -5 24 -22 -3 -9 -21
right_child=1 6 7 19 -6 8 9 23 -10 10 -12 15 -14 -15 -16 -17 17 -19 -20 20 21 -23 -24 -25 -26
leaf_value=0.018873045051358089 -0.048056845874014306 -0.06023497002856968 -0.034860217615765826 0.004593785081867357 -0.080143380685579982 -0.010932843752836048 0.017090893269190922 0.012713705054784964 0.040394988084975603 0.017364166150712724 -0.028916036714024002 0.042952108867470896 0.034836607248723513 -0.056145842162650096 -0.043395837666266021 -0.039935981475319758 -0.044779530723083577 0.043071650788789606 0.051416935241993068 0.055533575355089543 0.00054911011000642433 0.054312870986977096 0.0022091074787489464 0.056562266735631361 0.032149893121040017
leaf_weight=36.414264908991754 15.817356178537009 46.290402988903224 304.12830748106353 13.167946234345434 16.478104085661471 49.822081646881998 62.487490383908153 8.9810135699808615 380.63612068025395 98.381055846111849 70.461637913016602 7.988967288285493 75.191392482025549 572.43740060436539 44.592836015857756 53.235754237510264 9.5508505944162625 10.622658064588903 70.120209256187081 433.99526332411915 19.65045277774334 31.344843775033951 3.8997653219848862 12.031075261533259 18.857503220438957
leaf_count=208 349 1239 7045 79 199 463 381 66 1305 764 1108 37 423 15266 505 870 211 66 179 1026 57 60 41 24 61
internal_value=-0.000606034 -0.0283358 -0.0398766 0.0371102 0.023041 0.0265152 0.00426903 -0.046706 0.0344426 0.0145516 -0.00200608 0.000432004 0.020064 -0.0488088 -0.015516 -0.0286038 -0.0393697 0.00132925 0.0354908 0.0514046 0.0526165 0.0340046 -0.0554347 0.0392495 0.0546328
internal_weight=2466.58 1421.63 1049.81 1044.96 527.943 511.465 371.814 897.578 430.458 301.45 168.843 152.233 91.0087 876.566 81.0071 61.2247 70.3637 20.1735 132.608 517.016 503.848 50.9953 50.1902 21.0121 452.853
internal_count=32032 28069 24080 3963 2680 2481 3989 22401 1768 2432 1872 1679 772 22311 713 907 1557 277 560 1283 1204 117 1280 90 1087
is_linear=0
shrinkage=0.05


Tree=18
num_leaves=27
num_cat=0
split_feature=44 44 31 38 6 16 0 38 0 2 31 0 24 40 24 20 39 44 40 25 32 5 5 24 2 9
split_gain=870.706 224.941 143.433 119.955 70.9297 59.4726 45.9375 40.4784 39.7895 32.3601 27.4423 32.5685 36.6645 27.1412 26.3306 20.9249 18.2934 18.103 17.941 16.7699 33.5957 6.5496 6.1738 5.1679 3.27511 0.700623
threshold=0.93276837468147289 0.74788135290145885 0.043609214946627624 0.003795489552430809 0.4014939963817597 0.95033299922943126 0.90531975030899059 0.0058516415301710376 0.40783654153347021 0.128637470304966 0.019480810500681404 0.76903387904167186 0.079630140215158476 0.20370239764451983 0.087388560175895705 0.95894974470138561 0.0019855591235682373 0.99166667461395275 0.31186205148696905 -0.0024020328419283028 0.0028798455605283384 0.0042858475353568801 0.0039024202851578598 0.16885050386190417 0.16528169065713885 0.16416320949792865
decision_type=2 2 2 2 2 2 2 2 2 2 2 2 2 2 2 2 2 2 2 2 2 2 2 2 2 2
left_child=1 10 3 5 7 -3 22 15 19 -9 11 12 -1 -13 -5 17 -11 -2 -17 -6 -21 24 -4 -23 -12 -10
right_child=4 2 6 14 8 -7 -8 9 25 16 21 13 -14 -15 -16 18 -18 -19 -20 20 -22 23 -24 -25 -26 -27
leaf_value=-0.032799877876114499 -0.0011038605295946636 0.011502078970092741 0.049471393746944647 -0.028237222123417817 0.062708572732156825 -0.03269374654768499 -0.055952355214970877 -0.0574723319214578 -0.056628420133296532 -0.0078597101375062917 0.054516005224614285 -0.071049990525066747 0.041902132692243556 0.02584861457562573 0.034121503203428688 -0.051932443131095345 0.059451547150415229 -0.05225500360492541 0.038512856219625802 -0.057537455164104662 0.040048227992945794 -0.0084850276496285203 0.018069842664511879 0.043319972449728926 0.033137953144573823 -0.010760475647531666
leaf_weight=16.885267452336848 42.29099591053091 99.301672021858394 173.61817598901689 18.258916907012463 19.734633550047874 319.09737943392247 10.773833228275178 18.830066345632076 18.356331779621545 23.743003198411316 369.7080514151603 12.591227664612235 244.2359756892547 14.619166947901247 153.09074227744713 635.52689090056811 16.304518140852451 28.32033865340054 4.8561461344361296 12.518701408756895 24.407221611589193 8.089254301972689 18.863350804895163 9.9581925962120277 24.783342648297548 1.4249550011008967
leaf_count=178 527 636 457 218 36 5720 285 546 528 255 916 89 782 29 647 18532 42 707 27 351 124 62 98 26 56 26
internal_value=1.35261e-05 0.0229652 0.00471187 -0.00778252 -0.040479 -0.022202 0.0408252 -0.0450349 0.00539385 -0.00509995 0.0435819 0.0315463 0.0369649 -0.019919 0.0273513 -0.0483301 0.0203254 -0.0220625 -0.0511876 0.0267067 0.00631975 0.0518972 0.0465033 0.0208735 0.0532601 -0.0540011
internal_weight=2340.19 1493.87 793.004 589.749 846.314 418.399 203.255 769.872 76.4418 58.8776 700.87 288.332 261.121 27.2104 171.35 710.994 40.0475 70.6113 640.383 56.6606 36.9259 412.539 192.482 18.0474 394.491 19.7813
internal_count=31900 10199 8061 7221 21701 6356 840 20636 1065 843 2138 1078 960 118 865 19793 297 1234 18559 511 475 1060 555 88 972 554
is_linear=0
shrinkage=0.05


Tree=19
num_leaves=26
num_cat=0
split_feature=44 44 30 36 2 2 25 7 31 2 0 24 1 7 38 0 1 37 30 2 17 37 34 6 7
split_gain=795.977 189.702 96.3304 83.7909 81.0361 66.8345 59.4047 51.5662 42.9791 44.1348 42.3226 39.8792 38.3585 56.911 35.8968 35.0849 28.8542 21.4594 26.0141 20.9931 17.8585 16.4545 11.2118 7.85983 1.20952
threshold=0.8164966106414796 0.96580946445465099 0.0031438688747584824 0.00053025805391371261 0.13119109719991687 0.10114151239395143 -3.1846013371250585e-05 0.92287108302116405 0.028381404466927055 0.128637470304966 0.21119209378957751 0.11834894493222238 0.88581135869026195 0.96706482768058788 0.0039043368306010966 0.90149918198585521 0.85881158709526073 0.067676059901714339 0.003778839018195868 0.15973308682441714 0.30833333730697637 0.036046793684363372 0.26831933856010443 0.67048934102058422 0.95420169830322277
decision_type=2 2 2 2 2 2 2 2 2 2 2 2 2 2 2 2 2 2 2 2 2 2 2 2 2
left_child=5 2 4 10 7 24 12 -2 17 23 -4 14 15 -14 -8 -7 -6 22 -19 -5 -13 -11 -3 -10 -1
right_child=1 8 3 19 16 6 11 -9 9 21 -12 20 13 -15 -16 -17 -18 18 -20 -21 -22 -23 -24 -25 -26
leaf_value=-0.019920858922431374 0.038957221488932867 -0.053100620481911456 0.00089681470411718915 -0.0047984138178788363 0.034232034524786424 0.050073038527739977 -0.058597601366718426 -0.038641492559107676 -0.056897002235470673 -0.037327194176537952 -0.051843062825580127 0.049496367996732862 0.041125148135655189 -0.072312984033919656 0.018856157063838863 -0.026743622648738377 -0.029095248395277936 -0.045062213328333767 0.050893849151215913 0.0481786163518024 0.013254816981936139 0.028859898860721447 -0.013351098483267668 0.032084572155751299 -0.070048342211331702
leaf_weight=2.3997238203883162 26.759472848847508 501.78960022260435 47.790537788998336 39.929288296960294 214.77361370017752 626.21676042070612 29.364779366180301 94.025026010349393 39.173915614373982 10.868534311652182 184.79172032792121 57.643708162009716 30.402381587773561 16.065201943740249 28.756809994578362 14.639339836314319 18.872258615680039 16.219106129370633 10.986019868403671 33.90353156067431 83.377070157323033 45.252891905605793 19.206683721393347 2.0255019031465045 13.057759810239075
leaf_count=37 126 15925 709 419 1279 1682 478 1794 1208 285 4866 124 82 138 182 187 246 462 67 132 587 358 305 10 188
internal_value=0.000217192 -0.0247186 -0.00587047 -0.0263587 0.0118665 0.0363222 0.0381408 -0.021271 -0.0439753 -0.0131902 -0.0410487 0.0140043 0.0451035 0.00120908 -0.0206051 0.0482794 0.0290147 -0.0494065 -0.00588249 0.019847 0.0283131 0.015613 -0.0516636 -0.0518657 -0.0639495
internal_weight=2208.29 1306.37 660.845 306.415 354.43 901.924 886.466 120.784 645.522 97.3208 232.582 199.142 687.324 46.4676 58.1216 640.856 233.646 548.201 27.2051 73.8328 141.021 56.1214 520.996 41.1994 15.4575
internal_count=31876 28191 9571 6126 3445 3685 3460 1920 18620 1861 5575 1371 2089 220 660 1869 1525 16759 529 551 711 643 16230 1218 225
is_linear=0
shrinkage=0.05


Tree=20
num_leaves=29
num_cat=0
split_feature=44 44 22 16 2 31 2 2 0 6 30 25 0 31 4 7 39 42 35 25 41 6 1 1 17 27 35 24
split_gain=707.857 186.237 113.775 101.174 68.0197 61.3286 51.7185 39.27 24.6206 32.7691 33.7827 21.6894 18.118 18.3453 17.2317 14.169 15.3704 12.0196 12.661 9.39411 13.6216 7.56552 7.53101 6.30611 5.17985 4.93163 2.94437 2.35016
threshold=0.93276837468147289 0.728990137577057 1.0000000180025095e-35 0.98552390933036815 0.12361685559153558 0.031328799203038223 0.12451204657554628 0.13674368709325793 0.4916593879461289 0.0088141821324825304 0.00086273098713718366 -0.0005244271014817058 0.42171847820281988 0.023858900181949142 0.0040444822516292342 0.9165293574333192 0.0019855591235682373 0.96875000000000011 0.035266986116766937 -0.00016544890968361867 0.0045597178395837554 0.49194628000259405 0.65195709466934215 0.89807710051536571 0.90833333134651195 3.3471559286117558 0.0099408403038978594 0.065389156341552748
decision_type=2 2 2 2 2 2 2 2 2 2 2 2 2 2 2 2 2 2 2 2 2 2 2 2 2 2 2 2
left_child=1 11 3 4 -3 8 21 -5 9 14 -11 17 24 -14 -2 22 -17 18 -1 27 -21 -7 -8 -19 -13 26 -10 -4
right_child=5 2 19 7 -6 6 15 -9 25 10 -12 12 13 -15 -16 16 -18 23 -20 20 -22 -23 -24 -25 -26 -27 -28 -29
leaf_value=0.040130390859874292 -0.052156334143438288 -0.039400349545529872 0.031587766950229718 -0.049988026140131731 0.023069630837741349 -0.057993839944202735 0.012426135231196504 -0.011111460676155144 -0.03739046251742726 0.036633708793463879 -0.028571938014409423 0.051948630363368276 -0.011798446424342905 0.037627279354496612 0.060459830639375392 -0.023356301091015913 0.03642183285922769 0.053693058169561818 -0.020840572283104354 -0.032368022461509154 0.050059882175499698 0.012200198475961795 0.064358479177728897 0.0209114363478697 0.018383932594557267 0.026965397565558193 -0.058614212333996399 0.054884186476374865
leaf_weight=27.766029143705964 186.33572556823492 49.612002681940794 17.509688919875771 102.036444358062 315.17006053263322 34.893700058571994 11.695976531133057 177.9132114504464 24.911995818838477 22.227558929473162 140.52122884150594 55.276262238621712 43.027694074437022 31.84062298387289 2.6652359496802083 25.310728931915946 17.186804352328181 361.34534230548888 11.360589370131491 8.3716977778822201 9.8763420283794385 3.9475838560611001 18.711151430383325 17.064256958663464 16.314547901973128 1.2243562918156374 249.8495041038841 103.7930900733918
leaf_count=88 6204 848 48 2288 1851 1182 94 2939 865 236 3688 145 323 113 7 473 138 992 70 71 22 57 54 58 91 8 8682 270
internal_value=0.000251573 0.0218091 0.00603415 -0.00284759 0.0144889 -0.03903 -0.00485193 -0.0254087 -0.0450969 -0.0361213 -0.0194971 0.0436959 0.0268415 0.00944063 -0.0502584 0.0199476 0.00110065 0.0495297 0.022349 0.0467965 0.0125273 -0.0507326 0.0454146 0.0522738 0.0446583 -0.0563647 -0.0568325 0.0518072
internal_weight=2087.76 1348.28 784.283 644.732 364.782 739.482 111.746 279.95 627.736 351.75 162.749 563.995 146.459 74.8683 189.001 72.9047 42.4975 417.536 39.1266 139.551 18.248 38.8413 30.4071 378.41 71.5908 275.986 274.761 121.303
internal_count=31905 10217 8337 7926 2699 21688 1998 5227 19690 10135 3924 1880 672 436 6211 759 611 1208 158 411 93 1239 148 1050 236 9555 9547 318
is_linear=0
shrinkage=0.05


end of trees

feature_importances:
radius_norm=56
optical_spin_confidence=54
x_norm=47
history_mean_angular_velocity_norm=36
distance_to_centroid_norm=31
y_norm=23
orientation_sin=22
orientation_cos=21
speed_minus_peer_median_norm=21
history_std_translation_residual_norm=20
is_current_target=19
history_std_speed_norm=18
appearance_peer_z=17
history_mean_speed_norm=17
speed_norm=16
history_mean_direction_score_norm=16
visible_streak_norm=14
history_std_angular_velocity_norm=14
motion_reliability=13
angular_velocity_norm=10
association_quality=10
history_std_direction_score_norm=10
history_std_rotation_score_norm=9
vy_norm=8
history_mean_translation_residual_norm=8
optical_spin_abs_norm=7
vx_norm=6
history_mean_appearance_distance=6
history_std_appearance_distance=6
direction_score_norm=3
direction_score_peer_z=3
optical_spin_evidence=3
appearance_distance=2
history_length_norm=2
translation_residual_norm=1
speed_score_norm=1
yolo_confidence=1
rigidity_score_peer_z=1
history_mean_rotation_score_norm=1

parameters:
[boosting: gbdt]
[objective: lambdarank]
[metric: ndcg]
[tree_learner: serial]
[device_type: cpu]
[data_sample_strategy: bagging]
[data: ]
[valid: ]
[num_iterations: 200]
[learning_rate: 0.05]
[num_leaves: 31]
[num_threads: 0]
[seed: 20260911]
[deterministic: 0]
[force_col_wise: 0]
[force_row_wise: 0]
[histogram_pool_size: -1]
[max_depth: 5]
[min_data_in_leaf: 40]
[min_sum_hessian_in_leaf: 0.001]
[bagging_fraction: 0.8]
[pos_bagging_fraction: 1]
[neg_bagging_fraction: 1]
[bagging_freq: 1]
[bagging_seed: 22173]
[bagging_by_query: 0]
[feature_fraction: 0.85]
[feature_fraction_bynode: 1]
[feature_fraction_seed: 8630]
[extra_trees: 0]
[extra_seed: 5152]
[early_stopping_round: 0]
[early_stopping_min_delta: 0]
[first_metric_only: 0]
[max_delta_step: 0]
[lambda_l1: 0]
[lambda_l2: 1]
[linear_lambda: 0]
[min_gain_to_split: 0]
[drop_rate: 0.1]
[max_drop: 50]
[skip_drop: 0.5]
[xgboost_dart_mode: 0]
[uniform_drop: 0]
[drop_seed: 25851]
[top_rate: 0.2]
[other_rate: 0.1]
[min_data_per_group: 100]
[max_cat_threshold: 32]
[cat_l2: 10]
[cat_smooth: 10]
[max_cat_to_onehot: 4]
[top_k: 20]
[monotone_constraints: ]
[monotone_constraints_method: basic]
[monotone_penalty: 0]
[feature_contri: ]
[forcedsplits_filename: ]
[refit_decay_rate: 0.9]
[cegb_tradeoff: 1]
[cegb_penalty_split: 0]
[cegb_penalty_feature_lazy: ]
[cegb_penalty_feature_coupled: ]
[path_smooth: 0]
[interaction_constraints: ]
[verbosity: -1]
[saved_feature_importance_type: 0]
[use_quantized_grad: 0]
[num_grad_quant_bins: 4]
[quant_train_renew_leaf: 0]
[stochastic_rounding: 1]
[linear_tree: 0]
[max_bin: 255]
[max_bin_by_feature: ]
[min_data_in_bin: 3]
[bin_construct_sample_cnt: 200000]
[data_random_seed: 5056]
[is_enable_sparse: 1]
[enable_bundle: 1]
[use_missing: 1]
[zero_as_missing: 0]
[feature_pre_filter: 1]
[pre_partition: 0]
[two_round: 0]
[header: 0]
[label_column: ]
[weight_column: ]
[group_column: ]
[ignore_column: ]
[categorical_feature: ]
[forcedbins_filename: ]
[precise_float_parser: 0]
[parser_config_file: ]
[objective_seed: 11763]
[num_class: 1]
[is_unbalance: 0]
[scale_pos_weight: 1]
[sigmoid: 1]
[boost_from_average: 1]
[reg_sqrt: 0]
[alpha: 0.9]
[fair_c: 1]
[poisson_max_delta_step: 0.7]
[tweedie_variance_power: 1.5]
[lambdarank_truncation_level: 30]
[lambdarank_norm: 1]
[label_gain: ]
[lambdarank_position_bias_regularization: 0]
[eval_at: 1]
[multi_error_top_k: 1]
[auc_mu_weights: ]
[num_machines: 1]
[local_listen_port: 12400]
[time_out: 120]
[machine_list_filename: ]
[machines: ]
[gpu_platform_id: -1]
[gpu_device_id: -1]
[gpu_use_dp: 0]
[num_gpu: 1]

end of parameters

pandas_categorical:null
