tree
version=v4
num_class=1
num_tree_per_iteration=1
label_index=0
max_feature_idx=50
objective=lambdarank
feature_names=x_norm y_norm radius_norm vx_norm vy_norm speed_norm orientation_sin orientation_cos orientation_known angular_velocity_norm translation_residual_norm rotation_residual_norm rotation_score_norm direction_score_norm speed_score_norm rigidity_score_norm motion_reliability visible_streak_norm lost_frames_norm appearance_distance association_quality yolo_confidence is_current_target bg_certified distance_to_centroid_norm speed_minus_peer_median_norm rotation_score_peer_z direction_score_peer_z rigidity_score_peer_z appearance_peer_z history_mean_speed_norm history_mean_angular_velocity_norm history_mean_translation_residual_norm history_mean_rotation_score_norm history_mean_direction_score_norm history_mean_appearance_distance history_std_speed_norm history_std_angular_velocity_norm history_std_translation_residual_norm history_std_rotation_score_norm history_std_direction_score_norm history_std_appearance_distance history_length_norm global_similarity_residual_norm global_similarity_residual_peer_z history_mean_global_similarity_residual_norm history_std_global_similarity_residual_norm local_graph_strain_norm local_graph_strain_peer_z history_mean_local_graph_strain_norm history_std_local_graph_strain_norm
feature_infos=[0.023437527939677238:0.97688722610473633] [0.034432891756296158:0.96392875909805298] [0.053096525371074677:0.1973479837179184] [-0.0080459257587790489:0.009354742243885994] [-0.0070236730389297009:0.0059997495263814926] [1.6123552768476657e-06:0.0093742832541465759] [-0.99997174739837646:0.99999529123306274] [-0.99999368190765381:1] none [-0.54599446058273315:0.55592876672744751] [0:0.092281647026538849] none [0:0.072172954678535461] [0:0.99946087598800659] [0:0.11707045137882233] [0:0.0078225545585155487] [0:0.99996823072433472] [0.033333331346511841:1] none [0.00012260675430297852:2] [0.00039127969648689032:0.99996823072433472] [0:0.99794524908065796] [0:1] none [0.00074696843512356281:0.48266205191612244] [-0.0052215233445167542:0.0059342398308217525] [-1.4680711030960083:4.1000180244445801] [-2.1915533542633057:4.0590243339538574] [-0.9187544584274292:4.2065086364746094] [-3.0406723022460938:3.4346854686737061] [8.0617763842383283e-07:0.0079342853277921677] [-0.28176912665367126:0.4193059504032135] [0:0.14316053688526154] [0:0.072172954678535461] [0:0.90268337726593018] [3.9807386201573536e-05:2] [8.0617763842383283e-07:0.0031374881509691477] [0:0.28885024785995483] [0:0.085645973682403564] [0:0.033846057951450348] [0:0.49838733673095703] [0:0.99925148487091064] [0.125:1] [1.0974699762300588e-05:0.027237510308623314] [-4.4384894371032715:8] [0.00016147420683410019:0.024980045855045319] [0:0.03927256166934967] [7.1252275120059494e-06:0.025025943294167519] [-8:8] [0.00016881969349924475:0.018104229122400284] [0:0.036644559353590012]
tree_sizes=2406 3134 2822 3060 2728 2511 3258 2296 2411 2820 2516 2526 2617 2933 2936 2629

Tree=0
num_leaves=21
num_cat=0
split_feature=45 22 2 31 0 38 24 30 38 3 2 46 24 6 0 36 31 6 5 30
split_gain=4165.76 756.315 300.661 295.455 173.168 136.257 120.149 105.394 46.4507 45.2443 43.5572 42.5477 39.1322 22.8211 18.8321 14.9438 7.82222 1.4675 0.720586 3.50954
threshold=0.0021135548595339064 1.0000000180025095e-35 0.10181798040866853 0.034772275015711791 0.91543772816658031 0.0036782399984076623 0.29984101653099066 0.0040589666459709415 0.0061127783264964828 0.0022594243055209522 0.12451204657554628 0.00064322515390813362 0.061387583613395698 0.58033692836761486 0.074943464249372496 0.0013724858290515842 -0.014659733045846222 -0.3392112255096435 0.0028357496485114102 0.0032604004954919223
decision_type=2 2 2 2 2 2 2 2 2 2 2 2 2 2 2 2 2 2 2 2
left_child=1 3 13 5 7 11 9 14 -8 -5 -7 -1 -9 17 -4 -6 -3 -2 -18 -20
right_child=2 16 4 6 15 10 8 12 -10 -11 -12 -13 -14 -15 -16 -17 18 -19 19 -21
leaf_value=-0.094099701216015574 -0.015188420354976757 0.033624869502528687 0.02820539921432071 0.065465931676032166 -0.093379744820864044 -0.09156633718319819 -0.082442189933648005 -0.08616818007490018 0.05771480395904599 -0.06827960173737678 0.016954027637199373 -0.054697236827530527 0.037575860356287238 0.053858880859876362 0.092746149397159069 0.055139810101481515 0.097406429779364839 -0.096117929297762431 0.086486337410749847 0.030513897403814289
leaf_weight=791.51396267069504 0.99508871231228724 7.9844217337667933 12.549662612844257 52.444175300421193 14.105157927318938 10.857244257000273 34.894110510824248 6.229706614278256 6.3356654673116273 6.350069894688203 41.080248931539245 80.360664528911002 56.849579966976307 2.2621619182173154 791.38680478534661 1.2496423353441066 51.267645234707743 24.759448415599763 10.436083739157768 5.779581273905932
leaf_count=21584 31 65 198 323 563 339 1247 179 51 130 619 2043 597 17 2692 4 101 967 33 89
internal_value=-0.000268927 -0.0657523 0.0787884 -0.0770238 0.0839255 -0.0858529 0.00456426 0.0868922 -0.060048 0.0501204 -0.00703272 -0.0905348 0.0242009 -0.0803176 0.0917749 -0.0786601 0.0861702 -0.0936756 0.0918055 0.0694679
internal_weight=2009.69 1099.3 910.387 1023.84 882.371 923.812 100.024 867.016 41.2298 58.7942 51.9375 871.875 63.0793 28.0167 803.936 15.3548 75.4677 25.7545 67.4833 16.2157
internal_count=31872 26624 5248 26336 4233 24585 1751 3666 1298 453 958 23627 776 1015 2890 567 288 998 223 122
is_linear=0
shrinkage=0.05


Tree=1
num_leaves=28
num_cat=0
split_feature=45 22 46 5 42 2 38 39 44 36 46 37 2 6 29 39 6 45 2 29 2 7 29 38 19 0 12
split_gain=7829.22 2081.42 905.482 616.855 650.525 459.138 439.909 350.174 250.113 209.323 185.993 166.947 164.02 129.933 116.216 115.562 107.091 103.902 102.963 95.4596 76.4872 63.3959 49.6453 37.3977 33.3753 10.2911 11.3735
threshold=0.0025051285047084097 1.0000000180025095e-35 0.00071218714583665143 0.0038731930544599895 0.96875000000000011 0.12689898163080218 0.0036782399984076623 0.0064749675802886495 1.4416565895080569 0.00050628831377252947 0.0024973539402708416 0.033558772876858718 0.13086953014135363 0.25966359674930578 0.48672457039356237 0.0036952351219952111 -0.7904456853866576 0.0049137480091303596 0.11673445627093317 0.15427552908658984 0.1756609529256821 0.74695953726768505 -1.3159921765327451 0.0121668903157115 0.049003541469573982 0.68082302808761608 0.0017049262532964351
decision_type=2 2 2 2 2 2 2 2 2 2 2 2 2 2 2 2 2 2 2 2 2 2 2 2 2 2 2
left_child=1 2 6 4 5 7 16 -2 11 13 17 -6 22 -4 25 -8 -1 20 -11 -10 -5 -16 -12 -14 -7 -3 -27
right_child=3 14 9 10 8 24 15 -9 19 18 12 -13 23 -15 21 -17 -18 -19 -20 -21 -22 -23 -24 -25 -26 26 -28
leaf_value=0.042628544093148958 -0.086459942014770794 0.090863461738156973 -0.046009213153773564 -0.064678095146809486 -0.018486756748239512 0.080226024188823686 -0.024870209973127472 0.06496143604991883 0.086060735550709339 -0.068388413268335432 0.017462631197836736 0.058300251290992193 0.058375844600439486 0.025172202465899896 0.04680224851010048 0.065436039612593005 -0.081482976474795285 0.055490201617557924 0.036208066871398534 0.041051975444337897 0.050165592956113086 -0.074436097785033309 -0.08005962935383068 0.0026872470208480887 0.03426961536406517 0.035511978295588081 0.086002530141661981
leaf_weight=16.933892745524645 145.92522127740085 217.03940478339791 326.84377419715747 134.94207086227834 96.407090693712234 111.29320643097162 102.14827654976398 50.764015603810549 1862.8243139870465 25.276424180716276 19.513461150228977 261.23136669769883 177.82861937582493 79.008399432525039 25.277385695837438 52.967615593224764 2426.5842636040179 25.218026012182236 229.51787112932652 128.6510142609477 15.490608960390089 17.287617225199938 36.603292211890221 36.379994533956051 64.61058770865202 24.028968499973416 24.55046508833766
leaf_count=51 729 156 1949 393 159 92 528 93 1428 209 26 287 196 269 39 92 24149 25 490 168 14 71 116 60 66 69 22
internal_value=0.00039726 -0.0503942 -0.0621408 0.0575967 0.0665252 0.00513073 -0.0754245 -0.0472483 0.0762567 -0.00985457 0.00308085 0.0376073 0.02907 -0.0321243 0.0736346 0.0061884 -0.0806058 -0.0368545 0.025605 0.0831752 -0.052599 -0.0030166 -0.0464362 0.0489744 0.0636351 0.0858831 0.0622482
internal_weight=6735.15 3567.46 3259.28 3167.68 2721.71 372.593 2598.63 196.689 2349.11 660.646 445.976 357.638 270.325 405.852 308.184 155.116 2443.52 175.651 254.794 1991.48 150.433 42.565 56.1168 214.209 175.904 265.619 48.5794
internal_count=31946 28094 27737 3852 3022 980 24820 822 2042 2917 830 446 398 2218 357 620 24200 432 699 1596 407 110 142 256 158 247 91
is_linear=0
shrinkage=0.05


Tree=2
num_leaves=25
num_cat=0
split_feature=45 22 31 24 36 6 24 5 4 7 1 45 24 0 7 5 29 5 29 31 0 7 7 24
split_gain=6931.01 1516.85 668.91 620.728 322.309 301.454 300.12 256.306 190.297 141.924 159.896 137.128 119.114 110.992 85.5347 81.3546 95.4501 59.3772 27.5025 25.1938 7.05447 10.9505 3.60459 0.63108
threshold=0.0023345252266153698 1.0000000180025095e-35 0.042120410129427917 0.37410356104373937 0.00061566833755932759 0.37075276672840124 0.36609348654747015 0.0035414807498455052 -0.0020599630661308761 0.98911690711975109 0.90055435895919811 0.0040398789569735536 0.18822446465492251 0.34646518528461462 0.93085125088691723 0.0031357192201539878 -0.12457648664712904 0.0048935799859464177 0.44462439417839056 -0.11524029076099394 0.52781984210014354 -0.33389033377170557 0.99999925494194042 0.20414112508296969
decision_type=2 2 2 2 2 2 2 2 2 2 2 2 2 2 2 2 2 2 2 2 2 2 2 2
left_child=1 2 4 7 13 19 14 9 -6 18 -11 12 -9 -1 -4 20 -17 -13 -2 -5 -3 -22 -21 -18
right_child=3 15 6 5 8 -7 -8 11 -10 10 -12 17 -14 -15 -16 16 23 -19 -20 22 21 -23 -24 -25
leaf_value=-0.059924955790693304 0.082266853114035532 0.084630355167889651 0.069697323142820441 0.006279095141173959 0.053542950831127846 0.069250728869072672 -0.087027844843247826 -0.043798107480105125 -0.040760377514247242 0.057831993503556049 -0.06647721225628532 0.070052537432484407 0.032991925478189639 -0.08281472514351991 0.0087434456968849758 0.055567076362486457 -0.091343738149416709 0.018606513227458495 0.045186797154563779 -0.089702007251491953 0.083259781872204591 0.033463644313647865 -0.034238884483554492 -0.050868099180646303
leaf_weight=852.04361056932248 1376.734792092815 160.0905763655901 109.2809670176357 7.5323184216395012 67.528827130794525 46.191014513373375 59.77689354121685 87.236543692648411 243.81306058587506 659.76996184512973 26.119127439334989 185.96497575193644 117.08091375604272 1471.7989826210542 121.07012967672199 38.638196378946304 11.708410598337652 81.423761256039143 56.024393867701292 100.16149323433638 23.685584306716919 24.050600629299879 4.7028765808790913 6.4758309898897997
leaf_count=8235 1119 133 196 31 156 58 674 418 1871 914 148 209 263 15434 640 46 60 218 78 898 18 63 37 45
internal_value=0.000386976 -0.0497483 -0.0601211 0.0585625 -0.0680519 -0.0372714 0.0118996 0.0644418 -0.0202004 0.0718655 0.0530083 0.0310174 0.000151585 -0.0744515 0.0378369 0.0647027 0.0114396 0.0545142 0.0808495 -0.0812729 0.079141 0.0593727 -0.0875616 -0.0803323
internal_weight=5938.9 3189.96 2925.31 2748.94 2635.18 158.588 290.128 2590.35 311.342 2118.65 685.889 471.706 204.317 2323.84 230.351 264.649 56.8224 267.389 1432.76 112.397 207.827 47.7362 104.864 18.1842
internal_count=31962 27571 27206 4391 25696 1024 1510 3367 2027 2259 1062 1108 681 23669 836 365 151 427 1197 966 214 81 935 105
is_linear=0
shrinkage=0.05


Tree=3
num_leaves=27
num_cat=0
split_feature=44 46 22 2 38 31 22 31 3 2 2 3 31 2 6 25 25 3 9 29 25 1 27 31 24 1
split_gain=5020.07 1515.61 637.508 584.392 287.966 215.133 190.926 186.996 182.207 181.274 145.565 133.586 125.198 90.7775 86.4357 70.5678 70.3127 40.0142 39.3908 34.9781 31.0813 19.4358 15.8684 9.73324 6.96755 0.202067
threshold=1.7288231849670412 0.00074229470919817697 1.0000000180025095e-35 0.10725653171539308 0.0036782399984076623 0.043609214946627624 1.0000000180025095e-35 0.034772275015711791 0.0018311053281649949 0.11981283873319627 0.12199999764561655 0.0017452143365517261 0.038881113752722747 0.10669768974184991 -0.0029955791542306538 0.00014358133921632546 -0.0013220944674685595 -0.0041826786473393432 0.0046341011766344318 -0.39569383859634394 0.00040768699545878922 0.33192814886569982 3.2327084541320805 0.11077342182397844 0.36245970427989965 0.51472532749176036
decision_type=2 2 2 2 2 2 2 2 2 2 2 2 2 2 2 2 2 2 2 2 2 2 2 2 2 2
left_child=1 2 4 6 12 8 22 9 10 17 -5 -11 -1 23 -6 -15 -10 -3 19 -4 24 -22 -2 -9 -7 -20
right_child=3 7 18 5 14 20 -8 13 16 11 -12 -13 -14 15 -16 -17 -18 -19 25 -21 21 -23 -24 -25 -26 -27
leaf_value=-0.074624596956160236 -0.084014738610974971 0.029782986860175109 0.062231030257619419 -0.0035225990660051041 -0.050884521311353938 0.079590447592846225 0.069129797776565735 -0.080764298729062267 0.055508833010308491 0.027818950921789588 0.059859767488572968 -0.038245297951933106 -0.027716369711701827 0.068161475360314389 0.040985705114792846 -0.0042440726519254526 -0.026450814665921599 -0.084348653466021856 0.062445060334760286 -0.066512986265200913 0.071367388905670834 0.0069495128092813899 0.013039618610251522 0.0032039326139143686 0.057267023364744742 0.079727760289258209
leaf_weight=1970.7608147957362 96.658967761322856 8.1729456521570665 9.1570520922541636 100.80228879768401 37.400472644716501 1012.1750119049102 26.394483998417854 12.344455681741239 33.320220611989498 331.62030329089612 883.47305832244456 98.442692961543798 154.9845578270033 231.30704178847373 75.937603235244751 39.219427293166518 109.29894717596471 65.930674321949482 30.456228666007519 9.9836468286812288 20.360516183078289 26.451689783483744 4.1404175721108905 4.5549404472112647 48.66732158139348 53.476574547588825
leaf_count=22192 1049 40 12 442 326 916 35 126 69 1086 1507 622 1224 327 249 152 571 621 52 75 25 60 20 26 106 49
internal_value=0.000209687 -0.0412714 -0.0614798 0.0552442 -0.0670805 0.0611804 -0.0487074 0.0185232 0.0457253 0.000153648 0.0533716 0.012643 -0.0712192 0.0506326 0.0104895 0.0576875 -0.00704935 -0.071532 0.0596608 -0.00488917 0.0768486 0.0358741 -0.0799392 -0.0592175 0.0786212 0.0742656
internal_weight=5495.49 3133.75 2342.16 2361.74 2239.08 2234.55 127.194 791.592 1126.89 504.167 984.275 430.063 2125.75 287.426 113.338 270.526 142.619 74.1036 103.074 19.1407 1107.65 46.8122 100.799 16.8994 1060.84 83.9328
internal_count=31979 27179 24179 4800 23991 3696 1104 3000 2589 2369 1949 1708 23416 631 575 479 640 661 188 87 1107 85 1069 152 1022 101
is_linear=0
shrinkage=0.05


Tree=4
num_leaves=24
num_cat=0
split_feature=45 22 2 38 30 31 6 36 45 24 7 36 9 1 46 2 42 3 5 6 32 34 9
split_gain=5038.22 836.838 539.839 476.757 227.701 181.482 190.383 142.18 122.545 165.94 106.156 89.4092 107.612 76.3807 69.5418 62.2912 45.9758 41.3539 28.2616 37.1584 28.4608 12.6695 4.09142
threshold=0.0021135548595339064 1.0000000180025095e-35 0.10669768974184991 0.0026924398262053732 0.0037529563996940856 0.034772275015711791 -0.30110995471477503 0.00054746636305935692 0.0029156608507037167 0.35017728805541998 0.87377294898033153 0.00043470320815686142 0.029286806471645836 0.25852337479591375 0.00089128705440089117 0.11486773192882539 0.65625000000000011 0.0029522485565394167 0.0031357192201539878 -0.41458797454833979 0.0029544805875048046 0.41301311552524572 0.011504209134727718
decision_type=2 2 2 2 2 2 2 2 2 2 2 2 2 2 2 2 2 2 2 2 2 2 2
left_child=1 3 10 5 8 14 -7 13 9 -4 -2 12 -5 -6 -1 -13 -10 -9 22 -20 -21 -12 -3
right_child=2 18 4 11 7 6 -8 17 16 -11 21 15 -14 -15 -16 -17 -18 -19 19 20 -22 -23 -24
leaf_value=-0.070734583544075066 0.048904179452839786 0.049458276756049073 0.049464026055086985 -0.061870834364964017 0.040484369921242623 0.073613637181248484 -0.044256673189603427 0.05391344155819007 0.035633043602972578 -0.043918609051158269 -0.079667551871702658 -0.075636216484843366 0.031644373119385089 -0.052960908336338652 -0.01933294280373932 0.039319000280100228 0.069815608950134264 -0.013920508436756416 0.075830565142349218 0.025494249222590804 -0.083955235596802125 0.013411254753352468 0.075311668745221882
leaf_weight=1889.5539685771801 19.870616737753153 28.053081531077623 340.53238913509995 79.246557046659291 28.484408106654882 42.757822539657354 157.33402987848967 138.47624050453305 108.42247080057859 54.477579364553094 92.090395950712264 11.912586053833364 49.09334110096097 85.143203825689852 69.105051182210445 143.36463563982397 1566.1562651973218 26.353002309799194 16.478417783975601 13.464549867436292 9.1756847649812681 3.5280825793743125 100.74764444679022
leaf_count=22586 45 60 596 834 75 68 1495 255 239 480 1122 142 183 560 506 477 1699 147 18 49 59 17 97
internal_value=-0.000474128 -0.0488685 0.0508021 -0.0562949 0.0559965 -0.0642986 -0.018828 0.0134916 0.0617062 0.0365068 -0.0543819 0.00463734 -0.0261308 -0.029387 -0.0689318 0.0300723 0.067625 0.0430496 0.058842 0.0209344 -0.0205387 -0.0761299 0.0701052
internal_weight=5073.82 2610.29 2463.53 2442.37 2348.05 2158.75 200.092 278.457 2069.59 395.01 115.489 283.617 128.34 113.628 1958.66 155.277 1674.58 164.829 167.919 39.1187 22.6402 95.6185 128.801
internal_count=31809 26574 5235 26291 4051 24655 1563 1037 3014 1076 1184 1636 1017 635 23092 619 1938 402 283 126 108 1139 157
is_linear=0
shrinkage=0.05


Tree=5
num_leaves=22
num_cat=0
split_feature=45 22 46 2 0 25 38 31 36 7 45 2 37 38 7 0 7 36 30 27 4
split_gain=4190.24 784.066 444.432 383.009 222.372 190.838 178.575 97.3981 86.6422 80.1842 79.54 69.579 57.72 57.5169 41.9285 31.4075 58.4518 31.0219 13.7335 3.56143 1.96257
threshold=0.0022321223514154558 1.0000000180025095e-35 0.00071218714583665143 0.10181798040866853 0.91543772816658031 -0.00011817090489785186 0.0034460022579878573 0.038881113752722747 0.00033957324922084814 0.98911690711975109 0.0042359046638011941 0.11764355376362802 0.041735595092177398 0.021482250653207306 0.58655452728271495 0.7079855501651765 0.88993513584136974 0.0013724858290515842 0.0024375384673476224 2.9180650711059575 0.00060062549891881656
decision_type=2 2 2 2 2 2 2 2 2 2 2 2 2 2 2 2 2 2 2 2 2
left_child=1 2 6 14 5 9 7 -1 12 -5 -7 -10 -4 -8 -2 20 -17 -6 -18 -16 -3
right_child=3 15 8 4 17 10 13 -9 11 -11 -12 -13 -14 -15 19 16 18 -19 -20 -21 -22
leaf_value=-0.067662937270451196 0.06442479693293611 0.073266156051187692 -0.054238092500752316 0.070357438366406885 -0.078094892219245246 0.0041362390864347681 0.016589355280774737 -0.022343079693949826 -0.059240667562843297 0.046528990579929375 0.04642908048416871 0.030106089234368878 0.0053106673807932648 -0.080052289809605714 -0.075171239328842704 0.069123827971218563 0.0068589840010803427 0.056264180383085907 -0.086692278517547544 -0.014011260383766639 0.054500469039367484
leaf_weight=1769.5799067611806 5.2994364500045767 101.27508269250393 93.58661099197343 1168.5316411182284 35.486863123252988 213.74382387660444 93.057454549707472 128.3972601890564 23.741117388010025 519.19723541289568 231.14584604091942 185.15516011603177 71.130521737039089 17.409423651173711 65.363717136904597 21.455767050385475 5.8544595986604682 4.1469484865665427 10.098573535680769 3.0017881430685511 36.168503848835826
leaf_count=22580 5 105 1015 1248 451 829 455 1177 296 925 420 730 448 182 879 24 26 6 79 25 71
internal_value=-0.000437595 -0.0441999 -0.0517048 0.049382 0.0531904 0.0553782 -0.0610155 -0.0646105 -0.00162411 0.063059 0.0261647 0.0197179 -0.028646 0.000777235 -0.0621292 0.0577535 0.0165869 -0.062998 -0.0539813 -0.0727265 0.0687573
internal_weight=4802.83 2556.91 2382.06 2245.92 2172.25 2132.62 2008.44 1897.98 373.613 1687.73 444.89 208.896 164.717 110.467 73.6649 174.852 37.4088 39.6338 15.953 68.3655 137.444
internal_count=31976 27188 26883 4788 3879 3422 24394 23757 2489 2173 1249 1026 1463 637 909 305 129 457 105 904 176
is_linear=0
shrinkage=0.05


Tree=6
num_leaves=29
num_cat=0
split_feature=44 46 22 24 31 38 49 31 7 24 36 31 38 38 24 1 34 40 30 9 40 29 30 4 29 44 37 1
split_gain=3128.7 915.133 376.863 223.12 178.026 143.481 136.013 135.109 117.287 101.977 84.2093 67.5465 57.0872 53.4423 52.5864 52.3002 38.383 37.6085 26.7652 21.0324 20.2393 17.2175 14.6656 12.4734 11.7881 12.7418 11.5247 1.57555
threshold=1.635964632034302 0.00072192086372524511 1.0000000180025095e-35 0.37553149461746221 0.043609214946627624 0.0056284519378095874 0.0016979192150756719 0.048042146489024169 0.92287108302116405 0.070523668080568327 0.00019908133981516587 0.038881113752722747 0.0027640202315524225 0.021482250653207306 0.34357011318206793 0.82698941230773937 0.30098859965801245 0.21514704078435901 0.0033768039429560308 0.0046341011766344318 0.30366195738315588 -0.45863978564739222 0.0021070953225716953 -0.0012414927477948365 -0.022818647325038906 4.0288157463073739 0.011919249780476095 0.5097579061985017
decision_type=2 2 2 2 2 2 2 2 2 2 2 2 2 2 2 2 2 2 2 2 2 2 2 2 2 2 2 2
left_child=1 2 5 4 6 11 12 10 23 -8 20 -1 -2 -7 18 -12 -16 -10 -9 21 -3 -4 -19 -5 -6 -26 -25 -21
right_child=3 7 19 8 24 13 9 14 17 -11 15 -13 -14 -15 16 -17 -18 22 -20 27 -22 -23 -24 26 25 -27 -28 -29
leaf_value=-0.064529875943256862 -0.020415994895549364 -0.062587656001486622 0.054135640525532693 0.067830811331701865 0.07059822826694119 0.038258392807520622 -0.028180172497234188 0.06647326803162322 -0.074605509992739349 0.050631534994317988 0.01382916440579492 -0.025965609519984528 0.033825982322562433 -0.0725190206555619 -0.073946745468543337 -0.041883817382830868 0.055508064185081113 -0.041755696333824754 0.013880268827701256 0.047052991666412095 0.033842126144178794 -0.04544850839735598 0.049321224789863727 0.055099368667044971 0.037843987411499067 0.065461877021317269 -0.020593935119930913 0.069117759996808734
leaf_weight=1619.1142665930092 126.93375906161964 58.029474576935172 6.6911918073892585 25.151047069579363 702.11688954755664 50.069313855841756 42.927075926214457 144.09693918004632 59.396153529174626 714.77157756825909 365.84249480627477 124.07715293206275 77.131832821294665 12.865824762731789 13.485217849723997 46.611432299017906 8.5552694946527463 6.7710925005376366 29.765968844294548 23.952054076828063 5.3711161948740473 8.9650206845253688 9.3215362876653654 8.0261886864900607 70.825118904002011 125.52257739938796 10.506143294274805 42.587807200849056
leaf_count=21984 1054 604 11 27 774 171 177 183 815 1389 1665 1215 254 170 168 329 19 75 117 50 14 74 27 10 169 161 88 49
internal_value=-3.90912e-05 -0.0365328 -0.0543554 0.0471551 0.0514032 -0.0591244 0.0363887 0.0135731 -0.0190317 0.0461352 -0.000838679 -0.0618014 0.000151127 0.0148321 0.0484063 0.00744696 -0.0234691 -0.0564959 0.0576 0.049885 -0.0540198 -0.00219304 0.010799 0.0455254 0.0674172 0.055742 0.0133307 0.0619895
internal_weight=4539.48 2560.08 1888.32 1979.4 1860.23 1806.13 961.764 671.758 119.172 757.699 475.855 1743.19 204.066 62.9351 195.903 412.454 22.0405 75.4888 173.863 82.1961 63.4006 15.6562 16.0926 43.6834 898.465 196.348 18.5323 66.5399
internal_count=31843 26823 23724 5020 3978 23540 2874 3099 1042 1566 2612 23199 1308 341 487 1994 187 917 300 184 618 85 102 125 1104 330 98 99
is_linear=0
shrinkage=0.05


Tree=7
num_leaves=20
num_cat=0
split_feature=45 22 38 0 0 31 24 25 42 6 0 39 0 0 29 33 36 0 3
split_gain=3127.26 667.549 342.694 233.348 207.469 169.24 180.765 150.392 89.5286 75.1821 63.9839 87.0589 60.0414 46.2207 34.6985 37.8406 13.5007 6.26905 1.14179
threshold=0.0023345252266153698 1.0000000180025095e-35 0.0036782399984076623 0.91543772816658031 0.066716209053993239 0.034772275015711791 0.28561507165431982 -6.2065424572210745e-05 0.65625000000000011 0.01681510824710131 0.40040524303913122 0.0018164769280701878 0.42501328885555273 0.082508694380521788 0.15427552908658984 0.00087705766782164585 0.0013724858290515842 0.71366816759109508 0.00067183957435190688
decision_type=2 2 2 2 2 2 2 2 2 2 2 2 2 2 2 2 2 2 2
left_child=1 2 5 4 -2 9 -7 8 -6 -1 13 -12 -9 -4 18 17 -5 -16 -3
right_child=3 14 10 16 7 6 -8 12 -10 -11 11 -13 -14 -15 15 -17 -18 -19 -20
leaf_value=-0.067336481762459863 -0.075156483778967706 0.068063704454446289 -0.068368434995656299 -0.0713823227385917 0.015718390167757085 0.039816568403932662 -0.051911339567641136 0.041243462814497651 0.062251738962614156 -0.046022025796461911 -0.067091756295944022 0.033653147146903969 0.0018663038855805435 0.038799776630788485 -0.010671734739128537 0.047946021586616386 0.032314518939416885 -0.079695845678419822 0.051628622840137389
leaf_weight=1013.3571405909024 32.069862638600171 109.75167636014521 9.9565459396690112 42.583266024943441 112.63423342909664 95.098786110058427 120.842852470465 217.91146920435131 1373.5137157728896 719.44829253852367 48.042301068082452 37.272083837538958 173.73124141804874 135.88314897567034 5.7484379112720472 23.594117466360331 2.8246238976716986 7.9715789305046201 32.873615588992834
leaf_count=14691 403 128 135 642 386 353 1475 459 1785 9389 512 149 678 481 29 53 7 72 69
internal_value=-0.000112545 -0.0388504 -0.046494 0.0466367 0.0493083 -0.0533189 -0.0115179 0.0514729 0.0587379 -0.0585185 0.0110254 -0.0231984 0.0238251 0.0310676 0.0534941 0.0102358 -0.0643745 -0.0534656 0.0646614
internal_weight=4315.11 2359.84 2179.9 1955.27 1909.86 1948.75 215.942 1877.79 1486.15 1732.81 231.154 85.3144 391.643 145.84 179.939 37.3141 45.4079 13.72 142.625
internal_count=31896 27536 27185 4360 3711 25908 1828 3308 2171 24080 1277 661 1137 616 351 154 649 101 197
is_linear=0
shrinkage=0.05


Tree=8
num_leaves=21
num_cat=0
split_feature=45 22 0 31 0 5 38 24 46 9 5 38 7 38 29 26 36 31 30 31
split_gain=2797.69 457.141 323.886 225.288 199.408 193.816 109.253 102.87 99.6149 97.2453 57.4804 52.276 48.6659 35.6808 28.4816 28.472 13.8728 3.29734 1.52808 0.428486
threshold=0.001966372132301331 1.0000000180025095e-35 0.91543772816658031 0.038881113752722747 0.066716209053993239 0.0039153750985860833 0.0056284519378095874 0.29984101653099066 0.0024973539402708416 0.027238592505455021 0.0031655923230573539 0.0063733584247529515 0.97707319259643566 0.021482250653207306 0.15427552908658984 0.028264370746910576 0.0013724858290515842 0.010567584540694954 3.3127063943538822e-05 0.013558790553361179
decision_type=2 2 2 2 2 2 2 2 2 2 2 2 2 2 2 2 2 2 2 2
left_child=1 3 4 6 18 9 10 12 -7 -6 -1 -9 -5 -8 19 17 -4 -16 -2 -3
right_child=2 14 16 7 5 8 13 11 -10 -11 -12 -13 -14 -15 15 -17 -18 -19 -20 -21
leaf_value=-0.042900387676715501 -0.025641807197181322 0.051425006952627264 -0.069407399274285922 0.055448828359712932 0.038171529423480483 -0.025002878151519099 0.023055947451037312 -0.052727008284576916 0.034218835138068095 0.062550193837557638 -0.063715126890186269 0.045102673058204916 -0.036637283035950909 -0.060355845341933667 -0.076487004695849806 0.047606811034910726 0.03510785319642553 -0.01621605496595219 -0.070533865096247983 0.067262485856913398
leaf_weight=485.39313239697367 3.5927585177123538 27.265394002199173 67.503897330258042 79.077000612393022 713.45609419699758 127.55798502918333 57.813983829692006 73.526497586630285 157.70201655849814 981.55726536177099 1120.8935510283336 15.908944949507712 16.745486907660961 15.400502884760497 6.3754709418863076 14.536974007263778 2.749640353024005 4.2337862495332956 35.358526374213398 68.571510449051857
leaf_count=6388 45 54 1082 186 1732 879 268 973 383 1357 17300 47 152 215 61 33 6 32 529 81
internal_value=-0.000366276 -0.0428516 0.0400109 -0.048966 0.0436907 0.0459035 -0.0547348 0.00334541 0.00774219 0.0523174 -0.0574559 -0.0350186 0.0391441 0.00493362 0.0510215 0.00346768 -0.0648815 -0.0559036 -0.0671386 0.0633343
internal_weight=4075.22 1985.74 2089.48 1864.76 2019.22 1980.27 1679.5 185.258 285.26 1695.01 1606.29 89.4354 95.8225 73.2145 120.983 25.1462 70.2535 10.6093 38.9513 95.8369
internal_count=31803 25790 6013 25529 4925 4351 24171 1358 1262 3089 23688 1020 338 483 261 126 1088 93 574 135
is_linear=0
shrinkage=0.05


Tree=9
num_leaves=25
num_cat=0
split_feature=44 46 22 2 31 7 31 2 2 25 5 0 37 0 37 31 29 7 7 25 43 24 25 9
split_gain=2092.23 741.339 365.135 210.569 134.582 114.685 108.522 120.774 86.3711 71.9215 63.3843 54.7212 53.0859 49.1822 47.8116 23.5885 20.0682 15.0821 12.5709 9.67539 12.2623 8.86689 3.53193 0.425535
threshold=1.9848732352256777 0.000852889963425696 1.0000000180025095e-35 0.10114151239395143 0.043609214946627624 0.9165293574333192 0.040429620072245605 0.12330029159784318 0.11136212572455408 -0.00063985821907408525 0.0029863248346373443 0.37308631837368017 0.03571747615933419 0.3938301950693131 0.038768226280808456 0.16639116406440738 0.20238259434700015 0.30233164131641393 0.79125416278839122 0.00038819400651846086 0.0063579771667718896 0.36245970427989965 0.00062114157481119048 0.014676557388156654
decision_type=2 2 2 2 2 2 2 2 2 2 2 2 2 2 2 2 2 2 2 2 2 2 2 2
left_child=1 2 4 18 13 -6 7 12 15 -9 14 -12 -5 -1 -10 22 23 -18 -2 21 -21 -8 -3 -4
right_child=3 8 16 6 5 -7 19 9 10 -11 11 -13 -14 -15 -16 -17 17 -19 -20 20 -22 -23 -24 -25
leaf_value=-0.045652980943309412 0.027327333760829877 -0.069497067411078223 0.048184909689393256 -0.057279363636228944 0.047985325402439521 -0.042539547610213321 0.063366764441774734 0.055637332275901612 0.01382937227867094 0.021271514953004278 0.03080906453590819 -0.019604918080087335 0.013340263599995834 -0.064056197997427594 0.055545302360516448 0.048460863049069408 0.057295975006094652 -0.028640703973498296 -0.068055754658849818 0.0062465351015336228 0.060598318493371189 0.036442209127546477 -0.0068182785210478469 0.064810146520364972
leaf_weight=647.16072124661878 3.2295530624687663 31.759934083558619 23.781869234517217 42.865200512111187 58.346587672829628 84.261253489647061 688.90456421580166 388.39358515664935 109.00886404234916 253.05777918826789 102.74506863579154 110.90232388861477 66.926510229706764 874.22714424412698 188.62211665511131 4.5242800973355761 7.1463264822959927 12.689953697845338 42.222522180527449 19.533529620617628 21.772736765444279 36.851130191236734 2.6608288697898379 51.248139232397079
leaf_count=9731 16 487 56 381 192 1031 900 668 350 955 353 826 343 14209 337 9 9 101 706 61 31 128 24 66
internal_value=-0.000390999 -0.0306292 -0.0464687 0.0442505 -0.0519121 -0.00542596 0.0474344 0.0338489 0.0199963 0.042134 0.025487 0.00467023 -0.0144994 -0.0562631 0.0403641 -0.0509192 0.048557 0.00358326 -0.060836 0.0606782 0.0356508 0.0620517 -0.0649811 0.0602436
internal_weight=3872.84 2309.09 1758.86 1563.76 1664 142.608 1518.31 751.243 550.223 641.451 511.278 213.647 109.792 1521.39 297.631 38.945 94.8663 19.8363 45.4521 767.062 41.3063 725.756 34.4208 75.03
internal_count=31970 27781 25395 4189 25163 1223 3467 2347 2386 1623 1866 1179 724 23940 687 520 232 110 722 1120 92 1028 511 122
is_linear=0
shrinkage=0.05


Tree=10
num_leaves=22
num_cat=0
split_feature=45 22 2 46 0 25 36 5 2 45 1 31 31 31 17 29 25 2 29 4 29
split_gain=2103.44 401.999 267.704 189.295 144.141 152.891 78.2109 77.4977 140.679 76.9069 73.3305 60.2601 58.2436 42.0703 33.6513 18.3083 16.9579 15.4944 17.4064 8.39761 0.913249
threshold=0.001966372132301331 1.0000000180025095e-35 0.10669768974184991 0.00059112763847224425 0.91543772816658031 -0.0005244271014817058 0.00061566833755932759 0.0031799726421013479 0.1426937207579613 0.0046606811229139575 0.90529265999794017 0.12875780463218692 0.043609214946627624 0.00059115930343978118 0.27500000596046453 -1.5549508929252622 -0.00014006055425852534 0.16754776984453204 -0.45863978564739222 0.0018844261649064722 -0.30436500906944269
decision_type=2 2 2 2 2 2 2 2 2 2 2 2 2 2 2 2 2 2 2 2 2
left_child=1 3 11 7 5 10 12 8 -1 -7 -4 19 -5 -8 -9 -6 20 18 -18 -2 -3
right_child=2 16 4 6 15 9 13 14 -10 -11 -12 -13 -14 -15 -16 -17 17 -19 -20 -21 -22
leaf_value=-0.058396648306625693 -0.066794033564319483 0.064473223679702582 0.054274312120479375 -0.038062168331348109 0.046203154492520715 0.0025485939004391963 -0.024374649736091797 0.015274249975417235 -0.0011707367279498743 0.042090438371322744 -0.030541564960878384 0.040206246804010665 0.021139306441519252 0.051255063756333 -0.063387401158725834 -0.067111188238513406 0.03930796949798647 0.058010066338775548 -0.074937738169431375 0.0036287850176624109 0.047835924510404387
leaf_weight=281.91211164742708 74.222924302332103 65.211384400725365 1213.6402283739299 199.13492135284469 3.2758507505059233 283.70454117516056 25.399741346947849 13.453869073651729 173.17521221609786 216.2284079156816 25.429997782222927 16.527397781610489 51.731078885495663 61.202295314520597 879.42364522162825 33.371451074257493 4.985695406794548 8.1384416669607145 6.8018450764939207 4.3794434443116179 29.831348672509193
leaf_count=4663 1327 85 2087 2754 7 1329 234 88 1834 421 135 67 287 219 15626 577 11 12 88 35 75
internal_value=-0.000481925 -0.0390506 0.0366368 -0.0452258 0.0410189 0.043095 -0.0116944 -0.0536056 -0.0366707 0.0197009 0.0525104 -0.0447334 -0.0258188 0.0290484 -0.0621864 -0.056024 0.0510867 0.0086378 -0.0273209 -0.062874 0.0598037
internal_weight=3671.18 1800.4 1870.78 1685.43 1775.65 1739 337.468 1347.96 455.087 499.933 1239.07 95.1298 250.866 86.602 892.878 36.6473 114.969 19.926 11.7875 78.6024 95.0427
internal_count=31961 25976 5985 25705 4556 3972 3494 22211 6497 1750 2222 1429 3041 453 15714 584 271 111 99 1362 160
is_linear=0
shrinkage=0.05


Tree=11
num_leaves=22
num_cat=0
split_feature=45 22 0 38 31 45 36 31 6 24 39 46 1 25 0 21 36 25 4 7 31
split_gain=2011.36 346.968 218.254 170.748 154.853 124.162 76.0085 71.0801 89.2185 52.2544 48.6637 40.0386 35.3071 29.9844 20.2802 18.7842 16.1234 15.7621 10.9097 7.18069 1.55514
threshold=0.001966372132301331 1.0000000180025095e-35 0.91543772816658031 0.002589484211057425 0.048042146489024169 0.0034769721096381549 0.00016554359172005209 0.034772275015711791 -0.36629755795001978 0.070523668080568327 0.0036952351219952111 0.00094903481658548128 0.7763541340827943 0.00053776593995280575 0.077339798212051405 0.80363303422927868 0.0013724858290515842 -0.00023146653984440488 6.8673201894853278e-05 0.98555481433868419 0.015418055467307569
decision_type=2 2 2 2 2 2 2 2 2 2 2 2 2 2 2 2 2 2 2 2 2
left_child=1 3 4 7 5 6 -2 11 -9 -7 12 -1 -5 14 -6 -15 -4 20 -19 -12 -3
right_child=2 17 16 10 13 9 -8 8 -10 -11 19 -13 -14 15 -16 -17 -18 18 -20 -21 -22
leaf_value=-0.056203408314547579 -0.053575884340085589 0.040952021117654121 -0.064422166110761278 -0.0029716131280437983 0.007189876865254379 -0.017608661141715026 0.013201894789450136 0.064891357495395846 -0.036585996894808452 0.044916433146575084 0.058665629757415363 -0.00096392054216105829 -0.070921018375128181 0.043064880523546997 0.059651813807801879 -0.030615714039956155 0.039854223445640748 0.036731325723136025 -0.033806101091015853 0.01310113844575036 0.062067688929435566
leaf_weight=1228.9129658346064 47.196182976476848 20.272796802222729 55.225693835876882 116.52332655992359 19.201911641284823 35.03976720944047 367.32422998035327 26.282936514355242 104.6684826426208 555.88554284721613 30.772108756005764 33.738515296019614 21.892951443325728 17.702223863452673 725.17228477448225 15.146403986960648 3.3187351897358885 12.604579113423826 8.2209622943773848 12.832971561700104 64.62410482391715
leaf_count=22410 555 55 1074 1085 124 131 1680 52 1378 1226 70 279 332 47 1107 78 8 48 61 89 96
internal_value=0.000264834 -0.0392605 0.03636 -0.0451484 0.0394877 0.0264884 0.00548812 -0.0510929 -0.0158813 0.0411854 0.000395217 -0.0547293 -0.0141506 0.0562484 0.05831 0.00919019 -0.057941 0.0480901 0.00861328 0.0458503 0.0575609
internal_weight=3522.56 1681.35 1841.21 1575.62 1782.67 1005.45 414.52 1393.6 130.951 590.925 182.021 1262.65 138.416 777.223 744.374 32.8486 58.5444 105.722 20.8255 43.6051 84.8969
internal_count=31985 25955 6030 25695 4948 3592 2235 24119 1430 1357 1576 22689 1417 1356 1231 125 1082 260 109 159 151
is_linear=0
shrinkage=0.05


Tree=12
num_leaves=23
num_cat=0
split_feature=45 22 38 2 46 5 24 7 2 38 24 2 5 38 0 29 29 39 7 0 1 4
split_gain=1739.69 386.592 235.297 126.611 124.967 88.1273 72.5497 68.3023 102.422 51.196 50.4876 47.0888 44.7808 39.3822 31.826 21.3371 19.2081 18.105 12.513 7.89686 13.1636 0.0387238
threshold=0.0025051285047084097 1.0000000180025095e-35 0.0036782399984076623 0.10114151239395143 0.00059112763847224425 0.0038731930544599895 0.29676939547061926 0.98911690711975109 0.12330029159784318 0.028546675108373169 0.09130414575338365 0.13486734032630923 0.0030923159793019299 0.0058516415301710376 0.41834877431392675 1.0000000180025095e-35 0.48672457039356237 0.00094877701485529553 0.79125416278839122 0.7079855501651765 0.62683686614036571 0.00041427504038438206
decision_type=2 2 2 2 2 2 2 2 2 2 2 2 2 2 2 2 2 2 2 2 2 2
left_child=1 2 4 18 12 7 -6 15 -9 13 14 -12 -1 -4 -7 -5 19 -18 -2 21 -21 -3
right_child=3 16 9 5 6 10 -8 8 -10 -11 11 -13 -14 -15 -16 -17 17 -19 -20 20 -22 -23
leaf_value=-0.038996719667262869 0.032193316283202586 0.062508646474070451 -0.0093191841413820739 0.059125568157177566 -0.0011443033455047263 0.037449797012795168 -0.051748694518494093 -0.019726659189455566 0.043314470417603231 -0.068025130355966232 -0.025211256537838223 0.035730800970340683 -0.059939958735781944 0.037103388191301247 -0.076766115167089102 0.029077600325587857 -0.058209105306883183 0.038385833829742276 -0.06285032477879797 -0.014168792104043273 0.056025918649338591 0.049231391616761731
leaf_weight=386.965877127368 3.2673058845102778 73.148164141923189 75.066951641812921 728.63732273224741 214.44177286699414 7.6527881063520935 104.7916138744913 78.487340337596834 346.22988253645599 17.678035902790725 39.443073149770498 148.62797284498811 802.87994480039924 114.4099987866357 21.648793905973434 67.506616838276386 7.3404474528506425 10.597358845174311 31.164691190235317 10.952604895457627 14.881732072681187 27.131086904555559
leaf_count=6392 10 108 616 1165 2089 26 1638 496 614 279 217 397 16197 480 207 145 75 34 634 70 26 58
internal_value=-0.00012005 -0.0322532 -0.0388604 0.0404652 -0.0457162 0.0427425 -0.0178654 0.0479631 0.0316456 0.0110622 0.0133354 0.022884 -0.0531672 0.0187593 -0.0466845 0.0566174 0.0461902 -0.00212885 -0.0531774 0.0530256 0.0268475 0.059438
internal_weight=3332.95 1860.29 1716.23 1472.67 1509.08 1438.23 319.233 1220.86 424.717 207.155 217.373 188.071 1189.85 189.477 29.3016 796.144 144.051 17.9378 34.432 126.114 25.8343 100.279
internal_count=31973 28062 27691 3911 26316 3267 3727 2420 1110 1375 847 614 22589 1096 233 1310 371 109 644 262 96 166
is_linear=0
shrinkage=0.05


Tree=13
num_leaves=26
num_cat=0
split_feature=45 32 22 2 25 25 46 2 24 6 2 0 6 31 45 42 21 17 7 34 33 3 7 2 9
split_gain=1545.63 350.569 135.636 133.469 100.855 95.3775 87.0501 56.8769 50.1195 47.7232 47.0485 44.9359 43.5566 41.4997 34.4686 34.0583 33.1269 27.2692 23.6086 18.1488 17.8206 16.8237 6.62239 7.9274 1.41415
threshold=0.0023345252266153698 0.0027532156091183428 1.0000000180025095e-35 0.10669768974184991 -0.00030619268363807345 1.9808528122666761e-05 0.00094903481658548128 0.11136212572455408 0.35849826037883764 0.44606898725032812 0.14073991775512698 0.36972527205944067 0.097163978964090361 0.11077342182397844 0.0044388913083821544 0.53125000000000011 0.93803256750106823 0.45833332836627966 0.99968785047531139 0.099651191383600249 0.011198471300303938 -0.0041000612545758477 0.76798865199089061 0.14073991775512698 0.16416320949792865
decision_type=2 2 2 2 2 2 2 2 2 2 2 2 2 2 2 2 2 2 2 2 2 2 2 2 2
left_child=1 2 6 13 8 7 10 20 15 -10 -1 17 -9 24 16 -5 -6 -7 -8 -13 -3 -16 -4 -24 -2
right_child=3 5 22 4 14 11 18 12 9 -11 -12 19 -14 -15 21 -17 -18 -19 -20 -21 -22 -23 23 -25 -26
leaf_value=-0.060590763710048415 -0.063225203618513623 -0.063034111001955689 0.057579938135293662 0.015822496303149681 -0.010844391234415156 0.056945056418157725 0.02080100288603097 0.0090442814101726974 -0.018977669301889939 0.057222199259383225 -0.040505969639778039 0.034081909160749262 0.050691447861550956 0.037025210477571187 -0.0042345487549547249 0.054067548413049296 0.042074194901090871 -0.023588390787839641 -0.069063701296765978 -0.059989593506807881 0.044602031362743391 0.039202749217263716 -0.020070219755944363 0.045641464207963243 -0.013877924941333348
leaf_weight=629.09136642469093 40.627152326516807 21.556326055899266 25.734893575310707 63.284529174678028 131.74185838270932 17.768380565568805 55.154974211938679 116.16083264630288 51.157006274908781 32.962753720581532 564.59457601071335 4.913922604173421 136.9634714173153 13.544479120522736 26.032349608838558 905.96889633638784 37.051509339362383 23.005535675212741 7.4158336194232097 67.31386842019856 3.8885221704840651 146.85537843033671 7.637986687943342 9.0570949334651214 2.1752545349299899
leaf_count=13044 855 414 46 180 698 52 352 944 444 58 10741 32 423 68 71 1556 96 283 84 1116 9 335 54 28 33
internal_value=-0.00016106 -0.0326505 -0.0451461 0.0376716 0.0407231 0.00880191 -0.0481213 0.0244999 0.0483779 0.0112031 -0.0511328 -0.0297719 0.03169 -0.0372721 0.0170519 0.0515893 0.00095105 0.0120294 0.00923146 -0.0532115 -0.0455204 0.0326755 0.0420228 0.0161431 -0.0610914
internal_weight=3141.66 1690.26 1298.69 1451.4 1395.05 391.571 1256.26 278.569 1053.37 84.1198 1193.69 113.002 253.124 56.3469 341.681 969.253 168.793 40.7739 62.5708 72.2278 25.4448 172.888 42.43 16.6951 42.8024
internal_count=32016 27622 24349 4394 3438 3273 24221 1790 2238 502 23785 1483 1367 956 1200 1736 794 335 436 1148 423 406 128 82 888
is_linear=0
shrinkage=0.05


Tree=14
num_leaves=26
num_cat=0
split_feature=45 32 31 24 2 31 25 46 36 5 42 6 2 2 2 39 2 2 1 26 6 24 31 5 21
split_gain=1348.81 327.643 114.634 116.326 102.524 82.4433 79.5478 67.1886 63.7898 51.5838 50.9398 48.4484 47.6628 43.5624 37.0758 39.8212 34.8583 29.095 28.7985 25.6881 25.382 20.4383 9.73569 9.65165 2.49182
threshold=0.0025051285047084097 0.0027239220216870312 0.025144619867205623 0.30173920094966894 0.10181798040866853 0.042120410129427917 -0.00063985821907408525 0.00089128705440089117 0.00048975582467392098 0.0035520845558494334 0.96875000000000011 0.34875306487083441 0.12000611051917077 0.128637470304966 0.12552835792303088 0.0046359137631952771 0.14375565946102145 0.10725653171539308 0.77300861477851879 -0.73193717002868641 0.063681773841381087 0.32191513478755956 0.12875780463218692 0.0031357192201539878 0.92240515351295482
decision_type=2 2 2 2 2 2 2 2 2 2 2 2 2 2 2 2 2 2 2 2 2 2 2 2 2
left_child=1 2 7 9 22 8 10 16 11 -4 12 -3 -6 -10 15 -8 -1 24 -16 -5 -9 -12 -2 -19 -7
right_child=4 5 3 19 6 17 14 20 13 -11 21 -13 -14 -15 18 -17 -18 23 -20 -21 -22 -23 -24 -25 -26
leaf_value=-0.060233044352911096 -0.060535916407540136 -0.040062618446790654 0.047013582336923737 0.034699827084709901 -0.03999817854071272 -0.058939305434269743 -0.05233788994114609 -0.02743298630515191 -0.039651765859850217 -0.034544504587298373 0.057312618222615186 0.023453088523466076 0.034660907872430001 0.034364214301472566 0.030133812957125257 0.046234730984308477 -0.041142314234830016 0.054936848092722125 -0.039449553019824279 -0.055164268464530035 0.037551061791686297 0.036539862028834642 0.024448567138141249 0.020656081493687178 0.0012052271412316224
leaf_weight=552.88574728369713 27.267761733382944 133.93199284933507 82.243067689239979 8.0658115334808809 26.400562293827534 6.2364213988184911 31.047183245420456 30.750600072089583 23.625447201542556 24.474785462021828 628.45015742839314 37.891402136534452 97.531669748947024 104.22303275205195 309.17257661279291 14.158133678138254 443.0563439191319 95.190017329528928 14.782148890197275 87.919268128927797 27.53672210033983 154.93781517073512 3.2810668274760237 28.238760635256767 2.2081083785742521
leaf_count=12350 652 2120 355 52 302 114 220 353 329 402 1070 248 229 462 913 31 8996 225 65 1768 135 426 21 132 25
internal_value=0.000286013 -0.029226 -0.0421233 -0.0076437 0.0384041 0.00834953 0.0405801 -0.0487393 -0.00616666 0.0281619 0.048543 -0.0260011 0.0185639 0.020485 0.0209305 -0.0211328 -0.0517901 0.0411346 0.0268471 -0.0473329 0.00338302 0.053256 -0.0509226 0.0473229 -0.04475
internal_weight=2995.51 1688.48 1256.93 202.703 1307.03 431.545 1276.48 1054.23 299.672 106.718 907.32 171.823 123.932 127.848 369.16 45.2053 995.942 131.873 323.955 95.9851 58.2873 783.388 30.5488 123.429 8.44453
internal_count=31995 28066 24411 2577 3929 3655 3256 21834 3159 757 2027 2368 531 791 1229 251 21346 496 978 1820 488 1496 673 357 139
is_linear=0
shrinkage=0.05


Tree=15
num_leaves=23
num_cat=0
split_feature=45 2 22 31 38 45 0 24 31 6 0 22 39 6 34 0 25 2 6 41 17 31
split_gain=1231.69 193.821 180.817 127.965 119.517 102.159 66.9224 60.9368 46.1828 78.5383 40.027 39.5539 32.3888 29.6136 24.8777 34.9525 12.1367 14.3859 8.12604 5.19535 0.582995 0.121106
threshold=0.0017970214248634877 0.10669768974184991 1.0000000180025095e-35 0.043609214946627624 0.002589484211057425 0.0031770667992532258 0.70548158884048473 0.061387583613395698 0.023858900181949142 -0.36629755795001978 0.35550124943256384 1.0000000180025095e-35 0.0036952351219952111 -0.0029955791542306538 0.26330868899822241 0.76080611348152172 -0.00011817090489785186 0.16244622319936755 0.51459828019142162 0.0017196229891851547 0.091666668653488173 0.020540537312626842
decision_type=2 2 2 2 2 2 2 2 2 2 2 2 2 2 2 2 2 2 2 2 2 2
left_child=2 11 4 5 8 6 -3 -7 10 -10 -1 18 13 -6 15 -5 21 -18 -2 -14 -16 -4
right_child=1 3 16 14 12 7 -8 -9 9 -11 -12 -13 19 -15 20 -17 17 -19 -20 -21 -22 -23
leaf_value=-0.03750826651862757 -0.061566547747874283 0.010606884600245867 0.042310881033583631 0.043418871396409271 -0.045409920675347444 -0.034027394638066762 -0.045542768862163907 0.03871249879083883 0.060832186019025791 -0.036781255039973003 -0.059172521882635915 0.039305931820063734 0.010137531163476796 0.0096453325079379568 0.047436148539239907 -0.031054645641739057 -0.056724515083976829 0.040666563257667342 0.011111582875339815 0.054128541380503353 0.060157058442895386 0.058362192828732187
leaf_weight=357.87922071199864 68.301858826540411 256.97713415790349 17.49867582693696 241.31385664269328 38.735621428349987 29.774196421727538 65.809159279800951 507.59998380020261 24.026891155168414 116.99134588660672 558.86475953087211 11.562826083973048 9.6003272049128991 62.687729773577303 32.570760488510132 16.1576285706833 5.3876246609725049 8.3310280703008157 3.7747116759419432 26.370280012488365 344.4304575920105 35.337060108780861
leaf_count=7567 1646 1558 53 590 645 143 904 1207 85 2134 13489 45 56 575 62 250 70 31 27 80 648 68
internal_value=0.000312915 0.0297457 -0.0364989 0.0338963 -0.0409713 0.0212918 -0.000946119 0.0346265 -0.0466648 -0.0198385 -0.0507653 -0.0439491 0.00288215 -0.0116194 0.0509239 0.0386432 0.0432323 0.00116355 -0.0576604 0.0429794 0.0591864 0.0539308
internal_weight=2839.98 1578.27 1261.71 1494.63 1195.16 860.16 322.786 537.374 1057.76 141.018 916.744 83.6394 137.394 101.423 634.473 257.471 66.5544 13.7187 72.0766 35.9706 377.001 52.8357
internal_count=31933 7080 24853 5362 24631 3812 2462 1350 23275 2219 21056 1718 1356 1220 1550 840 222 101 1673 136 710 121
is_linear=0
shrinkage=0.05


end of trees

feature_importances:
radius_norm=35
history_mean_angular_velocity_norm=33
x_norm=26
distance_to_centroid_norm=21
history_mean_global_similarity_residual_norm=21
history_std_translation_residual_norm=20
orientation_cos=19
orientation_sin=17
is_current_target=17
speed_minus_peer_median_norm=16
appearance_peer_z=16
speed_norm=14
history_std_speed_norm=14
history_std_global_similarity_residual_norm=14
y_norm=10
vx_norm=7
angular_velocity_norm=7
history_mean_speed_norm=7
history_std_rotation_score_norm=7
vy_norm=6
history_std_angular_velocity_norm=5
history_length_norm=5
global_similarity_residual_peer_z=5
history_mean_direction_score_norm=4
visible_streak_norm=3
yolo_confidence=3
history_mean_translation_residual_norm=3
rotation_score_peer_z=2
direction_score_peer_z=2
history_mean_rotation_score_norm=2
history_std_direction_score_norm=2
rotation_score_norm=1
appearance_distance=1
history_std_appearance_distance=1
global_similarity_residual_norm=1
history_mean_local_graph_strain_norm=1

parameters:
[boosting: gbdt]
[objective: lambdarank]
[metric: ndcg]
[tree_learner: serial]
[device_type: cpu]
[data_sample_strategy: bagging]
[data: ]
[valid: ]
[num_iterations: 200]
[learning_rate: 0.05]
[num_leaves: 31]
[num_threads: 0]
[seed: 20260911]
[deterministic: 0]
[force_col_wise: 0]
[force_row_wise: 0]
[histogram_pool_size: -1]
[max_depth: 5]
[min_data_in_leaf: 40]
[min_sum_hessian_in_leaf: 0.001]
[bagging_fraction: 0.8]
[pos_bagging_fraction: 1]
[neg_bagging_fraction: 1]
[bagging_freq: 1]
[bagging_seed: 22173]
[bagging_by_query: 0]
[feature_fraction: 0.85]
[feature_fraction_bynode: 1]
[feature_fraction_seed: 8630]
[extra_trees: 0]
[extra_seed: 5152]
[early_stopping_round: 0]
[early_stopping_min_delta: 0]
[first_metric_only: 0]
[max_delta_step: 0]
[lambda_l1: 0]
[lambda_l2: 1]
[linear_lambda: 0]
[min_gain_to_split: 0]
[drop_rate: 0.1]
[max_drop: 50]
[skip_drop: 0.5]
[xgboost_dart_mode: 0]
[uniform_drop: 0]
[drop_seed: 25851]
[top_rate: 0.2]
[other_rate: 0.1]
[min_data_per_group: 100]
[max_cat_threshold: 32]
[cat_l2: 10]
[cat_smooth: 10]
[max_cat_to_onehot: 4]
[top_k: 20]
[monotone_constraints: ]
[monotone_constraints_method: basic]
[monotone_penalty: 0]
[feature_contri: ]
[forcedsplits_filename: ]
[refit_decay_rate: 0.9]
[cegb_tradeoff: 1]
[cegb_penalty_split: 0]
[cegb_penalty_feature_lazy: ]
[cegb_penalty_feature_coupled: ]
[path_smooth: 0]
[interaction_constraints: ]
[verbosity: -1]
[saved_feature_importance_type: 0]
[use_quantized_grad: 0]
[num_grad_quant_bins: 4]
[quant_train_renew_leaf: 0]
[stochastic_rounding: 1]
[linear_tree: 0]
[max_bin: 255]
[max_bin_by_feature: ]
[min_data_in_bin: 3]
[bin_construct_sample_cnt: 200000]
[data_random_seed: 5056]
[is_enable_sparse: 1]
[enable_bundle: 1]
[use_missing: 1]
[zero_as_missing: 0]
[feature_pre_filter: 1]
[pre_partition: 0]
[two_round: 0]
[header: 0]
[label_column: ]
[weight_column: ]
[group_column: ]
[ignore_column: ]
[categorical_feature: ]
[forcedbins_filename: ]
[precise_float_parser: 0]
[parser_config_file: ]
[objective_seed: 11763]
[num_class: 1]
[is_unbalance: 0]
[scale_pos_weight: 1]
[sigmoid: 1]
[boost_from_average: 1]
[reg_sqrt: 0]
[alpha: 0.9]
[fair_c: 1]
[poisson_max_delta_step: 0.7]
[tweedie_variance_power: 1.5]
[lambdarank_truncation_level: 30]
[lambdarank_norm: 1]
[label_gain: ]
[lambdarank_position_bias_regularization: 0]
[eval_at: 1]
[multi_error_top_k: 1]
[auc_mu_weights: ]
[num_machines: 1]
[local_listen_port: 12400]
[time_out: 120]
[machine_list_filename: ]
[machines: ]
[gpu_platform_id: -1]
[gpu_device_id: -1]
[gpu_use_dp: 0]
[num_gpu: 1]

end of parameters

pandas_categorical:null
