tree
version=v4
num_class=1
num_tree_per_iteration=1
label_index=0
max_feature_idx=52
objective=lambdarank
feature_names=x_norm y_norm radius_norm vx_norm vy_norm speed_norm orientation_sin orientation_cos orientation_known angular_velocity_norm translation_residual_norm rotation_residual_norm rotation_score_norm direction_score_norm speed_score_norm rigidity_score_norm motion_reliability visible_streak_norm lost_frames_norm appearance_distance association_quality yolo_confidence is_current_target bg_certified distance_to_centroid_norm speed_minus_peer_median_norm rotation_score_peer_z direction_score_peer_z rigidity_score_peer_z appearance_peer_z history_mean_speed_norm history_mean_angular_velocity_norm history_mean_translation_residual_norm history_mean_rotation_score_norm history_mean_direction_score_norm history_mean_appearance_distance history_std_speed_norm history_std_angular_velocity_norm history_std_translation_residual_norm history_std_rotation_score_norm history_std_direction_score_norm history_std_appearance_distance history_length_norm local_graph_strain_norm local_graph_strain_peer_z history_mean_local_graph_strain_norm history_std_local_graph_strain_norm optical_spin_abs_norm optical_spin_confidence optical_spin_evidence multilag_spin_abs_norm multilag_spin_confidence multilag_spin_consistency
feature_infos=[0.023437527939677238:0.97688722610473633] [0.034432891756296158:0.96392875909805298] [0.053096525371074677:0.1973479837179184] [-0.0080459257587790489:0.009354742243885994] [-0.0070236730389297009:0.0059997495263814926] [1.6123552768476657e-06:0.0093742832541465759] [-0.99997174739837646:0.99999529123306274] [-0.99999368190765381:1] none [-0.54599446058273315:0.55592876672744751] [0:0.092281647026538849] none [0:0.072172954678535461] [0:0.99946087598800659] [0:0.11707045137882233] [0:0.0078225545585155487] [0:0.99996823072433472] [0.033333331346511841:1] none [0.00012260675430297852:2] [0.00039127969648689032:0.99996823072433472] [0:0.99794524908065796] [0:1] none [0.00074696843512356281:0.48266205191612244] [-0.0052215233445167542:0.0059342398308217525] [-1.4680711030960083:4.1000180244445801] [-2.1915533542633057:4.0590243339538574] [-0.9187544584274292:4.2065086364746094] [-3.0406723022460938:3.4346854686737061] [8.0617763842383283e-07:0.0079342853277921677] [-0.28176912665367126:0.4193059504032135] [0:0.14316053688526154] [0:0.072172954678535461] [0:0.90268337726593018] [3.9807386201573536e-05:2] [8.0617763842383283e-07:0.0031374881509691477] [0:0.28885024785995483] [0:0.085645973682403564] [0:0.033846057951450348] [0:0.49838733673095703] [0:0.99925148487091064] [0.125:1] [7.1252275120059494e-06:0.025025943294167519] [-8:8] [0.00016881969349924475:0.018104229122400284] [0:0.036644559353590012] [0:0.29078683257102966] [0:1] [0:0.16223746538162231] [0:0.77272725105285645] [0:0.82690662145614624] [0:1]
tree_sizes=3263 3462 3046 3372 3072 3158 3472 3154 3481 3045 3168 2923 3498 2945

Tree=0
num_leaves=29
num_cat=0
split_feature=48 30 34 36 20 1 22 0 48 25 48 17 46 31 37 40 2 25 6 38 25 4 31 48 24 2 2 48
split_gain=3827.35 484.594 464.083 279.281 151.494 106.417 95.5019 85.8085 85.1925 83.0681 62.5188 51.0277 43.1118 42.4415 39.8495 32.4548 26.4698 24.1998 18.3306 17.8858 14.925 13.1156 12.3171 8.63065 6.92943 7.53231 6.2905 4.22745
threshold=0.8760964870452882 0.0037529563996940856 0.22762667387723926 0.00054183386964723479 0.98108601570129406 0.092415429651737227 1.0000000180025095e-35 0.90363702178001415 0.96922349929809581 -4.5672361011384048e-05 0.96190130710601818 0.82499998807907116 0.00087272530072368692 0.045672580599784858 0.053526433184742934 0.22040656954050067 0.12249197438359262 7.3388338933000355e-05 0.44606898725032812 0.0052005730103701362 0.00055956229334697138 0.001312862092163414 0.0099900779314339178 0.90098038315773021 0.10399341955780984 0.17380877584218982 0.12072315439581872 0.81057780981063854
decision_type=2 2 2 2 2 2 2 2 2 2 2 2 2 2 2 2 2 2 2 2 2 2 2 2 2 2 2 2
left_child=1 5 4 11 10 26 13 9 16 -7 12 20 -2 -6 -12 -9 23 -18 21 -13 -3 -10 -8 -4 25 -5 -1 -26
right_child=2 3 8 24 6 7 22 15 18 -11 14 19 -14 -15 -16 -17 17 -19 -20 -21 -22 -23 -24 -25 27 -27 -28 -29
leaf_value=-0.089063416888027255 -0.035512721402309488 0.040410120469302646 0.028063733947591252 -0.013898041118589374 -0.09331500654931886 0.093426912426184339 -0.021622205496982756 -0.089913645193673439 -0.0852172188230928 0.043411808828343307 -0.082850734160100983 -0.093346747916126321 0.048308942814812711 -0.036414110360778407 -0.0033809540070487555 0.068836378063528172 0.080122144191371564 0.0019098750111933461 0.035676290044393891 0.0088290517335085292 -0.063130247751204141 -0.00065362746253003852 0.076206459328383477 -0.07826712677227686 0.090619123263220358 0.072154060046288299 0.0044759538949028146 0.04347238288710642
leaf_weight=8.14362365065608 28.96278534445446 11.507865974097511 2.5702139828354111 4.6925474952440691 726.99008100415813 732.39443763380405 4.3107970515266052 8.9143845244543609 15.960483591654343 96.534917327808216 54.958639955613762 68.930982784135267 30.46556136244908 36.106946975691244 22.08912611019332 3.8995376061648122 58.340287592611276 11.927642403403295 5.2981169319245955 4.3869401304982594 3.8474455396644762 6.3054318574722847 8.5051111737266165 3.6013244062196463 35.141732764430344 3.9383584605529904 2.121822888031601 8.8439803076907975
leaf_count=281 720 164 35 71 20016 2387 93 386 570 769 1782 1656 323 926 478 19 284 151 48 71 97 117 39 136 130 16 39 68
internal_value=-0.000268927 0.069494 -0.0684481 -0.0161681 -0.0798481 0.0837018 -0.0883936 0.0856711 0.0313686 0.0876616 -0.0309746 -0.0700415 0.00754626 -0.0906738 -0.0604025 -0.0401169 0.0583581 0.0670591 -0.0429003 -0.0871966 0.0121932 -0.0623272 0.0441172 -0.0362459 0.074236 0.0287831 -0.0710482 0.0823167
internal_weight=2009.69 993.299 1016.39 141.29 912.389 852.009 775.913 841.743 104.004 828.929 136.476 88.6732 59.4283 763.097 77.0478 12.8139 76.4395 70.2679 27.564 73.3179 15.3553 22.2659 12.8159 6.17154 52.6166 8.63091 10.2654 43.9857
internal_count=31872 6154 25718 2273 24377 3881 21074 3561 1341 3156 3303 1988 1043 20942 2260 405 606 435 735 1727 261 687 132 171 285 87 320 198
is_linear=0
shrinkage=0.05


Tree=1
num_leaves=31
num_cat=0
split_feature=48 46 48 31 31 46 2 7 7 38 2 16 24 5 6 2 5 36 7 7 2 31 2 45 24 40 46 39 7 24
split_gain=9314.99 1544.32 826.577 687.734 652.074 502.205 465.886 329.191 256.734 216.769 194.497 188.554 143.67 123.171 121.235 114.373 104.166 145.427 84.0767 77.9774 70.4074 128.018 69.8758 46.7739 32.142 65.1228 23.2178 11.1486 10.0528 9.45855
threshold=0.82478070259094249 0.00088836436043493461 0.728990137577057 0.042120410129427917 0.042120410129427917 0.00073879517731256794 0.12199999764561655 0.92850330471992504 0.91046524047851574 0.003795489552430809 0.12330029159784318 0.98552390933036815 0.070523668080568327 0.001696971361525357 0.10192713513970376 0.12171111628413202 0.0040494154673069724 0.00055357374367304157 -0.33389033377170557 0.50957638025283825 0.10825660452246667 0.11077342182397844 0.11095909401774408 0.00099323812173679493 0.33100430667400366 0.1948470547795296 0.0012064888142049315 0.0067280572839081296 0.99215447902679454 0.11082521826028825
decision_type=2 2 2 2 2 2 2 2 2 2 2 2 2 2 2 2 2 2 2 2 2 2 2 2 2 2 2 2 2 2
left_child=2 3 16 9 5 8 19 22 -4 18 -7 12 -8 -13 -11 -9 20 26 -2 -3 21 -1 -5 -22 29 -26 -18 -21 -19 -6
right_child=1 6 4 7 24 10 11 15 -10 14 -12 13 -14 -15 -16 -17 17 28 -20 27 23 -23 -24 -25 25 -27 -28 -29 -30 -31
leaf_value=-0.059333522447047718 0.042661143996461121 0.067104338176031605 0.040016612464212287 -0.046453967847892366 0.066474237033098252 -0.067840233959154644 -0.081447648335198464 -0.089561762032820652 -0.070470764729371291 -0.050479458938741444 0.05453481041909243 0.069538367712236648 0.045376329503920246 -0.049114251100386426 0.047517024990718734 -0.0076054480102707035 -0.078658437795076946 0.043836283042089585 -0.083230235851386392 -0.089602127830489903 0.051644340096734055 0.09019827381930795 0.073652998444229664 0.089087370736262439 -0.020734030131797997 0.088928421764442461 0.018754434836368225 -0.025325665069605215 0.081635962286818201 0.090711025532082656
leaf_weight=23.029418444726616 12.770356329157947 8.2170152440667135 65.639569351449609 12.840016691014169 65.540607808157802 35.739810599014163 22.494872716255486 75.96321487147361 252.36857582163066 96.732145081274211 286.72266908176243 26.252670485526323 493.20942883379757 111.02718652877957 45.694337951950729 95.717197686433792 23.365692192222927 30.967585366219282 2412.6204298501834 118.36614573560655 92.497371144592762 34.651061773300171 115.33414445631206 1780.8081508120522 22.84341783169657 31.143121309578419 7.7202834561467162 8.1626384519040567 59.500851988792419 254.64239041879773
leaf_count=79 47 13 119 86 73 116 95 720 1116 649 438 39 1082 785 146 465 223 48 22468 1056 126 23 192 1274 94 22 39 55 66 192
internal_value=0.000269007 -0.0536376 0.0645104 -0.0706656 0.027556 -0.00310213 0.00836252 0.000986843 -0.0476113 -0.0790299 0.0408037 0.0258489 0.0396974 -0.026085 -0.0189274 -0.0441772 0.0827559 0.0374312 -0.0825501 -0.0759435 0.0855882 0.0305027 0.0613546 0.0872671 0.0799022 0.0429936 -0.0546352 -0.0856866 0.0693177 0.0859722
internal_weight=6722.58 3655.4 3067.18 2867.67 1014.64 640.471 787.73 299.855 318.008 2567.82 322.462 652.984 515.704 137.28 142.426 171.68 2052.54 121.554 2425.39 134.746 1930.99 57.6805 128.174 1873.31 374.17 53.9865 31.086 126.529 90.4684 320.183
internal_count=31946 27898 4048 24773 2170 1789 3125 1463 1235 23310 554 2001 1177 824 795 1185 1878 376 22515 1124 1502 102 278 1400 381 116 262 1111 114 265
is_linear=0
shrinkage=0.05


Tree=2
num_leaves=27
num_cat=0
split_feature=48 22 46 5 36 0 31 31 2 2 2 31 38 5 22 24 25 0 41 37 16 29 2 2 5 4
split_gain=7417.02 966.628 607.141 598.968 514.636 342.338 264.779 209.542 312.011 199.115 193.805 136.927 128.116 115.722 93.8572 79.406 71.3231 63.2662 43.6257 36.9788 27.4613 20.8551 23.4559 9.0702 8.25997 4.27384
threshold=0.86402156949043285 1.0000000180025095e-35 0.00098908116342499874 0.003618952003307641 0.00053025805391371261 0.91543772816658031 0.042120410129427917 0.033558145165443427 0.12199999764561655 0.12587991356849673 0.12587991356849673 0.040429620072245605 0.0052005730103701362 0.0021539018489420418 1.0000000180025095e-35 0.087388560175895705 -0.00015217455802485344 0.42501328885555273 0.0055482860188931235 0.11552535742521287 0.96794345974922191 0.13244355469942096 0.16244622319936755 0.10773930698633195 0.0035520845558494334 0.001229012734256685
decision_type=2 2 2 2 2 2 2 2 2 2 2 2 2 2 2 2 2 2 2 2 2 2 2 2 2 2
left_child=3 2 6 5 11 7 12 8 -1 19 -8 14 -2 -11 -5 17 21 -6 24 -4 -17 -3 -23 -9 -18 -7
right_child=1 16 9 4 15 25 10 23 -10 13 -12 -13 -14 -15 -16 20 18 -19 -20 -21 -22 22 -24 -25 -26 -27
leaf_value=-0.02387654572634039 -0.078838328486828951 0.085424898578224828 -0.076020309195183142 -0.070323226875016825 0.064057442179805926 -0.087621246803982589 -0.071635328974413187 0.058634693646281079 0.062758425155015105 0.056521422870729171 0.023545933398594402 0.051885852328309959 -0.016015933547586955 -0.0075779316651761594 0.069761107554001126 0.073187397197477785 -0.012295824608962252 -0.089901742789328318 0.066694546323831427 0.050876680406324384 0.034529626243484289 -0.0036205849409285808 0.078211410613310356 0.083691788714823301 -0.086374745763549199 -0.023827352993332992
leaf_weight=117.11439739912748 2110.221953533357 109.78209153562784 93.099965628236532 189.76933651417494 10.308845520019533 33.068285474553704 94.225638032890856 47.782145861536264 890.41656156629324 100.56894908100367 121.18954558111727 29.750497277826071 85.000010836869478 228.91986946389079 11.976736474782227 180.2428485751152 6.1121372152119937 15.47085630148649 9.5995165705680829 5.4430012740194789 65.390602979809046 16.764928478747606 17.140676975250244 1318.2027909513563 10.658069267868994 3.826600518077611
leaf_count=569 21936 101 948 1671 15 341 949 95 1235 163 454 58 562 1080 16 194 40 84 9 15 144 75 14 1074 85 35
internal_value=0.000508653 -0.0545444 -0.061484 0.0573638 0.00771183 0.0677157 -0.0712242 0.0700734 0.0526744 -0.00658973 -0.0182263 -0.0469458 -0.0764142 0.0120988 -0.061704 0.0543321 0.0609769 -0.0282431 -0.0141573 -0.0685705 0.063078 0.0747682 0.0388043 0.0828588 -0.0615869 -0.0818082
internal_weight=5922.05 3008.73 2838.67 2913.32 502.91 2410.41 2410.64 2373.52 1007.53 428.032 215.415 231.497 2195.22 329.489 201.746 271.413 170.057 25.7797 26.3697 98.543 245.633 143.688 33.9056 1365.98 16.7702 36.8949
internal_count=31962 26431 26107 5531 2182 3349 23901 2973 1804 2206 1403 1745 22498 1243 1687 437 324 99 134 963 338 190 89 1169 125 376
is_linear=0
shrinkage=0.05


Tree=3
num_leaves=30
num_cat=0
split_feature=48 48 46 22 46 48 31 32 7 24 5 36 38 2 30 0 24 48 46 7 51 6 2 48 45 48 24 24 20
split_gain=6096.4 697.914 633.375 414.426 408.908 290.732 268.25 235.731 152.345 117.049 107.019 122.997 86.6675 81.9399 72.5294 65.9055 62.6534 55.6361 48.6938 75.084 40.5501 37.9991 36.6591 26.8214 18.3353 18.1172 15.6052 8.75279 3.08856
threshold=0.8760964870452882 0.7589399814605714 0.00088836436043493461 1.0000000180025095e-35 0.00091882050037384044 0.96638417243957531 0.045672580599784858 0.0029544805875048046 0.9165293574333192 0.070523668080568327 0.0038579941028729085 0.00048975582467392098 0.0036782399984076623 0.11743079870939256 0.004202695796266199 0.40783654153347021 0.21772087365388873 0.94570022821426403 0.00039755328907631343 0.98745033144950878 0.20232229679822925 0.033693840727210052 0.11981283873319627 0.96922349929809581 0.0020431374432519083 0.67327314615249645 0.11834894493222238 0.15672602504491809 0.99489775300025951
decision_type=2 2 2 2 2 2 2 2 2 2 2 2 2 2 2 2 2 2 2 2 2 2 2 2 2 2 2 2 2
left_child=1 10 6 4 7 13 12 -3 23 -6 18 20 17 28 -15 -14 -10 -2 19 -1 -12 26 -23 -8 -20 -13 -7 -5 -4
right_child=2 3 5 27 9 21 8 -9 16 -11 11 25 15 14 -16 -17 -18 -19 24 -21 -22 22 -24 -25 -26 -27 -28 -29 -30
leaf_value=0.067480460875479639 -0.055731736729644932 -0.054805049604879454 -0.079838721905429788 0.056858063785575168 -0.069608618751665671 0.0084527529489780984 0.068258656270672388 0.031325253269016196 0.03664426284198543 0.048719247382705819 -0.064198729029565998 0.072486668924099051 0.0089332517560927523 0.045258538700061544 -0.025349676819424051 -0.07624586004598323 -0.059706557288232188 -0.078030228054509931 0.065982460142300747 -0.019538405587115847 0.047186807855138936 -0.078912099759882517 -0.004635848726233141 -0.0028324327841491594 0.07897279096925211 0.030246244219013577 -0.077544845380262684 0.081583130491826958 -0.020469301168642019
leaf_weight=81.457629160955548 358.49732879083604 317.04334620572627 15.465960100293161 59.877863597124815 21.546324338763952 5.384702641516923 51.008455257862806 105.15575295779854 19.696804471313953 309.06545929610729 35.110388668254018 72.823300674557686 57.873843526467681 237.97240324132144 42.231588926166296 36.182068103924394 96.462701307609677 1517.5563210116234 415.59481547866017 34.906187027692795 9.7666647359728795 22.471221854910254 57.317186838947237 17.707179270684719 1143.8007094934583 42.108571253716946 95.022464194335043 172.65113079175353 3.4967406019568434
leaf_count=97 3712 2549 176 78 129 29 88 389 55 599 366 89 345 586 277 395 940 17404 519 106 36 276 342 95 1027 89 1007 150 29
internal_value=0.000194401 0.0512645 -0.0544911 0.0172964 -0.000753887 -0.00250149 -0.0660494 -0.0333295 -0.00841265 0.040821 0.0694794 0.0301282 -0.071451 0.0276945 0.0345644 -0.0242914 -0.0431953 -0.0738011 0.0732119 0.041433 -0.0394576 -0.0525101 -0.0262725 0.0501615 0.0755552 0.0574051 -0.072895 0.075487 -0.0704647
internal_weight=5455.26 2820.91 2634.35 985.34 752.811 479.362 2154.98 422.199 184.875 330.612 1835.57 159.809 1970.11 299.167 280.204 94.0559 116.16 1876.05 1675.76 116.364 44.8771 180.196 79.7884 68.7156 1559.4 114.932 100.407 232.529 18.9627
internal_count=31979 6223 25756 3894 3666 2722 23034 2938 1178 728 2329 580 21856 1068 863 740 995 21116 1749 203 402 1654 618 183 1546 178 1036 228 205
is_linear=0
shrinkage=0.05


Tree=4
num_leaves=27
num_cat=0
split_feature=48 45 20 22 38 37 2 0 6 22 46 24 48 30 34 48 0 29 38 36 24 3 30 9 6 29
split_gain=5141.68 635.707 488.989 470.065 327.793 228.362 225.149 186.057 164.552 138.725 103.114 97.0561 94.6381 81.1217 71.7537 57.1551 87.8412 55.7071 32.4482 24.5386 22.5827 29.9418 11.9907 8.10358 7.61774 0.769772
threshold=0.89528506994247448 0.0016818866133689883 0.98108601570129406 1.0000000180025095e-35 0.0022927459795027976 0.032723335549235351 0.12147369608283044 0.91543772816658031 0.024302858859300617 1.0000000180025095e-35 0.0017985475715249779 0.11082521826028825 0.70938414335250866 0.004454393172636629 0.30098859965801245 0.94782215356826793 0.23973200470209124 -0.14597245305776593 0.0061127783264964828 0.00086196776828728627 0.21348178386688235 -0.0016096752951852975 0.0037399679422378544 0.0048026505392044791 0.58033692836761486 -0.26034989953041071
decision_type=2 2 2 2 2 2 2 2 2 2 2 2 2 2 2 2 2 2 2 2 2 2 2 2 2 2
left_child=1 3 6 4 5 -1 20 12 10 15 -8 -6 22 -10 -14 16 -4 -11 -17 -9 21 -2 -3 -19 -22 -5
right_child=2 7 9 25 11 -7 8 19 13 17 -12 -13 14 -15 -16 18 -18 23 -20 -21 24 -23 -24 -25 -26 -27
leaf_value=-0.068356137884369381 0.060195651967160813 0.075108569596922026 -0.0067308421449773746 0.077510690249006919 -0.037294414094771293 0.00679735301009648 -0.055364372807521205 -0.07961066370981873 0.042926145587400349 0.066309661195492267 0.034276404156305507 0.057909914308828782 0.039778008935303977 -0.050358127736025687 0.071631130269293339 -0.074694071116809965 -0.066803865091841483 -0.081512245679147818 -0.0252615928156673 0.046586351099790362 -0.078708987521966658 -0.071068966872360667 0.048527517161170743 -0.0018778495195379949 -0.0039398026097987792 0.063041919797972482
leaf_weight=245.50393546372652 7.0419652126729479 1030.0255254022777 87.083447156473994 159.72953573614359 31.534294553101063 171.05471245665103 122.67950110416859 25.121256327256564 210.08983519487083 26.157020345330238 42.551096431910992 156.42166921496391 514.56517819082364 25.352841351181269 274.02642796933651 1426.7751028684434 202.90548353083432 8.716364184394477 35.308331444859505 3.8418252505362025 113.56057162117213 8.4827048704028112 51.709242645651102 4.8310059569776049 3.6225938200950614 44.876401979476213
leaf_count=2493 21 966 700 148 222 892 1219 314 669 38 116 306 1289 238 284 17196 2458 77 306 12 1509 111 110 29 27 59
internal_value=-0.000337985 0.0464766 -0.0548655 0.00934772 -0.0128446 -0.0375529 -0.0128101 0.0622807 0.00592404 -0.0673705 -0.0322123 0.0418242 0.0642354 0.0327106 0.0509233 -0.0694655 -0.0488491 0.0245138 -0.0735184 -0.0618751 -0.0689937 -0.011488 0.0738839 -0.0551957 -0.0764505 0.0746593
internal_weight=5033.57 2708.41 2325.16 809.121 604.515 416.559 533.381 1899.29 400.673 1791.78 165.231 187.956 1870.33 235.443 788.592 1752.07 289.989 39.7044 1462.08 28.9631 132.708 15.5247 1081.73 13.5474 117.183 204.606
internal_count=31809 7095 24714 4120 3913 3385 3910 2975 2242 20804 1335 528 2649 907 1573 20660 3158 144 17502 326 1668 132 1076 106 1536 207
is_linear=0
shrinkage=0.05


Tree=5
num_leaves=28
num_cat=0
split_feature=48 25 46 46 0 1 48 22 1 38 24 0 22 40 6 38 45 6 48 2 3 0 19 25 6 4 2
split_gain=4374.45 551.768 400.205 330.05 286.423 226.702 170.337 160.89 149.923 134.485 113.595 97.8371 84.0007 82.9403 72.837 68.9153 68.1752 54.7517 38.9423 37.6835 27.1271 26.0334 31.5606 23.2445 19.5549 16.1553 10.053
threshold=0.89699381589889537 -0.00015217455802485344 0.00088836436043493461 0.00073879517731256794 0.90531975030899059 0.092415429651737227 0.98290473222732555 1.0000000180025095e-35 0.90529265999794017 0.0044972009491175422 0.10399341955780984 0.42171847820281988 1.0000000180025095e-35 0.22040656954050067 0.024302858859300617 0.0036782399984076623 0.0024970903759822254 0.097163978964090361 0.93405798077583324 0.12046078965067865 0.0035489661386236553 0.40783654153347021 0.039612710475921638 0.00036338198697194462 0.43173274397850042 0.0032412173459306364 0.12391385063529016
decision_type=2 2 2 2 2 2 2 2 2 2 2 2 2 2 2 2 2 2 2 2 2 2 2 2 2 2 2
left_child=1 4 7 9 5 26 14 15 -7 12 11 -5 -3 -6 16 18 -4 -17 -2 -16 -12 -9 -23 -11 25 -8 -1
right_child=2 3 6 10 13 8 24 21 -10 23 20 -13 -14 -15 19 17 -18 -19 -20 -21 -22 22 -24 -25 -26 -27 -28
leaf_value=-0.079413197199478203 -0.048582988495541303 -0.063629267933739894 -0.064274503494919588 0.03524581320497551 -0.078075018425379464 0.064544949859049947 -0.064237803686479258 0.068031872582651615 -0.027315599381608588 0.064753131348784451 0.054482736863138308 -0.076118323028216028 0.050610647206171422 0.067752047322576212 -0.042792182937106037 -0.053067919232934302 0.02194149044313487 0.027183491451941901 -0.070294046615655512 0.045790650300354195 0.010700148401632685 0.0439731318032145 -0.080688821517561321 -0.014020605701633194 0.010777633936724524 0.0044712368034004572 0.0068240854771704079
leaf_weight=28.633558596484363 253.92641566786915 206.82303548697382 40.991407595574856 39.011004235595465 48.947719242423773 1820.199367756024 106.06386855617166 23.162098336964846 45.010769307613373 29.831566330045462 245.42406464740634 38.01706674695015 16.712069995701313 11.295359455049036 12.298363875597714 51.948435630649328 49.70412665605545 34.694752939045429 1416.2474649578799 146.03361211530864 41.961853159591556 10.843522887676956 7.905533615499734 13.00499922223389 10.754831265658138 9.1617396455258113 3.6439747512340537
leaf_count=336 2993 2313 389 98 622 2493 1300 34 238 43 457 318 30 18 137 596 229 175 18268 398 156 37 69 88 63 60 18
internal_value=-0.000383763 0.0435228 -0.0526643 0.00284707 0.0566204 0.0600324 -0.00565993 -0.0624554 0.0623147 -0.0393726 0.0337312 -0.0199889 -0.054901 -0.0500731 0.018307 -0.0647671 -0.0173013 -0.0209891 -0.0670242 0.0386846 0.0481492 0.0336978 -0.0100147 0.0410635 -0.0528067 -0.0587832 -0.0697649
internal_weight=4762.25 2588.52 2173.74 630.786 1957.73 1897.49 375.008 1798.73 1865.21 266.372 364.414 77.0281 223.535 60.2431 249.028 1756.82 90.6955 86.6432 1670.17 158.332 287.386 41.9112 18.7491 42.8366 125.98 115.226 32.2775
internal_count=31976 7228 24748 3503 3725 3085 2576 22172 2731 2474 1029 416 2343 640 1153 22032 618 771 21261 535 613 140 106 131 1423 1360 354
is_linear=0
shrinkage=0.05


Tree=6
num_leaves=31
num_cat=0
split_feature=48 46 22 48 45 40 38 37 24 37 2 37 9 2 22 24 9 5 36 37 17 34 9 29 25 5 35 33 27 0
split_gain=3759.66 647.357 361.391 194.091 188.449 180.907 130.845 107.15 82.2668 65.491 65.1965 56.9729 56.6742 51.4615 49.0851 45.2603 44.4229 43.0115 56.052 32.8353 47.105 29.4789 23.3567 23.0822 22.4907 31.842 17.365 11.9297 0.843846 0.291043
threshold=0.82478070259094249 0.00087272530072368692 1.0000000180025095e-35 0.96521475911140453 0.0016509367851540448 0.10787010937929155 0.0032518398948013787 0.031129409559071067 0.30286431312561041 0.047364693135023124 0.11981283873319627 0.036649398505687721 0.015781466849148277 0.10362220555543901 1.0000000180025095e-35 0.074961412698030486 0.11281453445553781 0.0039751005824655303 0.00060187524650245916 0.068927604705095305 0.99166667461395275 0.44090683758258825 0.027238592505455021 -1.5237458944320676 -0.00063985821907408525 0.0030767053831368689 0.038832396268844611 0.0011341493809595706 0.42200221121311193 0.31362649798393255
decision_type=2 2 2 2 2 2 2 2 2 2 2 2 2 2 2 2 2 2 2 2 2 2 2 2 2 2 2 2 2 2
left_child=4 2 6 10 5 7 9 14 -9 -2 23 -12 -8 16 -1 27 28 22 -19 21 -21 -5 -15 -3 29 -26 -17 -7 -6 -4
right_child=1 3 24 19 13 15 12 8 -10 -11 11 -13 -14 17 -16 26 -18 18 -20 20 -22 -23 -24 -25 25 -27 -28 -29 -30 -31
leaf_value=-0.057494569250548681 -0.065359337725389363 0.031175108643249252 0.072167635984753967 -0.050685887271423861 -0.080131448455307772 -0.059294196329605635 -0.03851389429028728 0.048669506343331677 -0.062474984705995523 -0.037792682396543188 0.012401938057603245 0.052688641473181488 0.027241679492681012 0.055753856771808379 0.064988849604981885 0.065350992197031402 0.053286740873164068 -0.043481958263411433 0.047996019398095086 -0.069408060488727344 0.066531376563165545 0.039311447530132333 0.069817890152120657 -0.061540627755091684 0.064750843532024954 -0.056702713961550293 0.036439985124854878 0.027539158603035553 -0.036270959849039767 0.054302205647526636
leaf_weight=93.979810744524002 1518.9249036385445 8.3022746965289098 33.328859448432922 140.86381618026644 9.083268644288184 10.321668508462606 73.200958936475217 78.373459842056036 20.151968142017722 256.79504966642708 168.82382927695289 183.57479995302856 57.752531941980124 506.42895290441811 8.126938581466673 171.54363171011209 14.087998956441877 19.457686580717564 95.14725024998188 9.22978232242167 15.995672859251499 9.0073258876800519 838.54456220194697 25.426160338334739 9.6698884740471858 9.9225974604487401 81.268152691423893 5.3457822725176802 4.2532672360539427 26.888185955584049
leaf_count=959 20436 35 32 1648 82 92 754 212 141 2888 673 400 290 715 8 257 25 160 174 125 38 36 932 293 12 89 218 18 35 66
internal_value=-6.0241e-05 -0.0400829 -0.0534736 0.00732534 0.0520604 0.0243583 -0.0578408 -0.0115362 0.0255372 -0.0613963 0.0271096 0.0334782 -0.00952798 0.0607774 -0.04721 0.0511253 -0.00684401 0.0620518 0.0322231 -0.0362095 0.0160423 -0.0450523 0.0645677 -0.0384781 0.0502833 0.00347425 0.0562375 -0.0297917 -0.0696492 0.0652077
internal_weight=4503.82 2547.71 1986.48 561.224 1956.11 469.111 1906.67 200.632 98.5254 1775.72 386.127 352.399 130.953 1487 102.107 268.479 27.4245 1459.58 114.605 175.097 25.2255 149.871 1344.97 33.7284 79.8095 19.5925 252.812 15.6675 13.3365 60.217
internal_count=31843 27815 24567 3248 4028 1905 24368 1320 353 23324 1401 1073 1044 2123 967 585 142 1981 334 1847 163 1684 1647 328 199 101 475 110 117 98
is_linear=0
shrinkage=0.05


Tree=7
num_leaves=28
num_cat=0
split_feature=48 38 31 45 22 45 2 38 7 24 6 31 10 35 0 24 41 3 29 33 24 6 48 25 33 24 31
split_gain=3240.16 482.892 255.563 252.501 197.273 183.848 165.844 134.183 143.666 80.0619 66.9534 66.8947 63.5668 54.3128 48.3666 47.9935 43.5287 39.4451 33.8927 27.7361 26.9937 59.0244 22.6005 20.6679 14.4032 11.7115 3.45322
threshold=0.84952831268310558 0.0032518398948013787 0.033558145165443427 0.0023185077589005236 1.0000000180025095e-35 0.0025356193073093895 0.12330029159784318 0.0025353941600769763 0.96815675497055065 0.065389156341552748 0.09436360746622087 0.042120410129427917 1.0000000180025095e-35 0.035930125042796142 0.42842167615890508 0.10714414715766908 0.0016888164100237193 0.002029021037742496 -0.12457648664712904 0.00087705766782164585 0.36494031548500067 0.62814128398895275 0.90098038315773021 0.00054866282152943324 0.0023970295442268257 0.14227212965488437 0.080787178128957762
decision_type=2 2 2 2 2 2 2 2 2 2 2 2 2 2 2 2 2 2 2 2 2 2 2 2 2 2 2
left_child=2 4 3 7 5 11 22 8 -1 14 13 -2 -7 -8 -5 -9 -12 -11 -6 -20 23 -22 24 26 -3 -25 -4
right_child=1 6 20 9 18 12 10 15 -10 17 16 -13 -14 -15 -16 -17 -18 -19 19 -21 21 -23 -24 25 -26 -27 -28
leaf_value=0.029414500310952874 -0.0613736222009066 -0.045508809335300424 0.061099500452172384 0.046720301129349141 0.06386441001967752 0.024730035713454869 0.03578973169909859 -0.013715455131714334 -0.043250316307422342 0.060469657228294837 -0.0089246975827038787 -0.023859463446858919 -0.060801260911358984 -0.025624072059219755 -0.086159453034216904 0.050726869141358814 0.059775512478337206 -0.00057068069839489612 -0.07753034129254556 0.041289046895555889 -0.074663118282007265 0.065879863410132355 -0.071478906588675353 -0.010585753214749227 0.054752548555368485 0.04797456242428657 0.068955235762744746
leaf_weight=102.22802001982927 1580.8475866785739 6.4760897234082204 313.69596746377647 10.878142923116686 40.142305009067059 93.877261258661747 63.415154810994864 36.356460304930806 199.00257787015289 452.93397979438305 27.456893607974052 130.33557889610529 27.179748180322349 80.615582887083292 15.479069811291991 133.11805673316121 135.45166431367397 28.085574766620994 8.6931375879794377 9.0458792485296708 10.556467946618797 20.24167550355196 57.490465616807342 13.13925915211439 5.8796208389103413 21.846920726820827 642.6368162734434
leaf_count=435 22346 70 425 18 60 450 231 209 1804 643 165 1322 380 659 90 254 275 103 81 32 127 22 850 71 14 35 725
internal_value=-0.000230432 -0.0411487 0.0461413 0.0278271 -0.0514475 -0.0543215 0.0105144 0.00143576 -0.0185745 0.05226 0.0263577 -0.0585319 0.00518572 0.00147608 -0.0316142 0.036903 0.0482129 0.0569119 0.0389054 -0.0179693 0.0636221 0.0168738 -0.0584984 0.065056 0.00272908 0.0262989 0.0664449
internal_weight=4267.11 2266.91 2000.2 978.082 1890.12 1832.24 376.785 470.705 301.231 507.377 306.939 1711.18 121.057 144.031 26.3572 169.475 162.909 481.02 57.8813 17.739 1022.12 30.7981 69.8462 991.319 12.3557 34.9862 956.333
internal_count=31896 26935 4961 3556 24671 24498 2264 2702 2239 854 1330 23668 830 890 108 463 440 746 173 113 1405 149 934 1256 84 106 1150
is_linear=0
shrinkage=0.05


Tree=8
num_leaves=31
num_cat=0
split_feature=48 48 38 31 46 22 2 20 0 6 30 36 22 24 6 24 45 46 2 17 4 42 9 5 47 15 5 25 24 48
split_gain=2864.16 419.209 279.724 259.722 237.786 134.572 115.961 95.8891 73.2757 65.7621 62.5033 76.4834 61.4531 56.1391 55.7717 47.2592 44.276 39.7142 38.5834 37.3319 27.036 21.0803 29.7154 20.8511 13.8513 13.6582 13.3906 10.7033 3.25877 2.67487
threshold=0.89699381589889537 0.74211823940277111 0.0031444340711459522 0.040429620072245605 0.0009503512119408698 1.0000000180025095e-35 0.12330029159784318 0.97114104032516491 0.89390304684638988 0.021201548166573051 0.0038238466950133447 0.00064004890737123798 1.0000000180025095e-35 0.10399341955780984 0.061454407870769508 0.17043682932853702 0.0026265642372891311 0.0017985475715249779 0.11981283873319627 0.87500000000000011 -0.0027865917654708024 0.96875000000000011 0.015781466849148277 0.0017973473877646031 0.042440153658390052 0.00036022429412696516 0.0037283099954947834 -0.00054580331197939802 0.19036559015512469 0.90595519542694103
decision_type=2 2 2 2 2 2 2 2 2 2 2 2 2 2 2 2 2 2 2 2 2 2 2 2 2 2 2 2 2 2
left_child=1 10 7 4 5 -3 24 14 26 17 21 19 16 -6 20 -11 -9 -8 -16 -12 -2 22 -1 -14 29 -10 -5 -23 -13 -4
right_child=2 3 6 8 13 -7 9 12 25 15 11 28 23 -15 18 -17 -18 -19 -20 -21 -22 27 -24 -25 -26 -27 -28 -29 -30 -31
leaf_value=0.0023231544712882658 0.020904770061887262 -0.041152234906260056 -0.011484935882592624 0.060685849889404425 -0.027812081726876103 0.056849547662596922 -0.04632092386288629 -0.061721971175214857 -0.068911446190031964 -0.035106387181967576 0.031002173718157378 0.040713358135253418 0.055273349757400753 0.039643031573346532 -0.065528050279802671 0.048018779983898169 -0.0072285898412478376 0.033607751936042783 0.034943677647896063 -0.062766356868101753 -0.05326249221666618 0.065164629587552453 0.058730894317163412 -0.031985441221477222 0.038044961394810763 0.037630000083616166 0.023887284697518225 0.051176601029228622 0.068779972080439164 -0.068618355086970825
leaf_weight=37.175394769757986 13.937924217432736 333.09692941559479 2.5896659828722468 257.16300509124994 34.809061335399747 38.255672838538885 49.263332240749151 1339.2652847409481 13.701732409186663 19.064080994576216 15.780584819614885 24.858208172023296 14.45008058845997 232.74729873985052 10.593290867283939 124.21987906657159 38.633123583160341 21.650892827659845 54.380558949895203 28.615841330960393 79.776122086681426 855.81896066106856 62.158643998205662 11.412528578191994 2.7460773028433314 3.0943543240427962 29.296268615871668 190.93090475350618 31.753192767500877 54.27900505065918
leaf_count=113 95 3677 29 381 221 66 565 20376 204 144 58 57 28 559 167 358 365 80 257 309 1094 1069 91 87 10 9 91 340 34 869
internal_value=-0.00040029 0.0382177 -0.0464377 0.0130251 -0.0050736 -0.0309308 0.000180734 -0.0546023 0.0510475 0.0173864 0.0572246 0.0192818 -0.0587668 0.0307962 -0.0176253 0.0367922 -0.0602005 -0.0217898 0.0178179 -0.0294879 -0.0421275 0.0605489 0.0378541 0.0170109 -0.060907 -0.0482717 0.0570186 0.0626644 0.0573765 -0.0662601
internal_weight=4025.52 2189.26 1836.26 942.164 638.909 371.353 273.813 1562.45 303.255 214.198 1247.09 101.008 1403.76 267.556 158.688 143.284 1377.9 70.9142 64.9738 44.3964 93.714 1146.08 99.334 25.8626 59.6147 16.7961 286.459 1046.75 56.6114 56.8687
internal_count=31803 7279 24524 5208 4523 3743 2055 22469 685 1147 2071 458 20856 780 1613 502 20741 645 424 367 1189 1613 204 115 908 213 472 1409 91 898
is_linear=0
shrinkage=0.05


Tree=9
num_leaves=27
num_cat=0
split_feature=48 45 7 34 0 5 24 0 37 39 5 31 24 5 39 17 2 2 46 29 36 2 31 28 19 31
split_gain=2562.68 421.651 323.205 194.925 143.552 129.804 113.676 84.4683 76.5147 79.6442 72.6292 55.1315 58.8838 52.9927 64.2628 48.445 46.736 45.4777 42.6572 38.3531 32.3721 25.6072 9.81508 6.94501 2.28056 1.09492
threshold=0.91403940320014965 0.0017426342819817366 0.9165293574333192 0.25069467723369604 0.91543772816658031 0.0031799726421013479 0.30491694808006292 0.16480107605457309 0.067676059901714339 0.00051807312411256145 0.0048935799859464177 0.043609214946627624 0.22558574378490451 0.0034306545276194815 0.00081042636884376418 0.7749999761581422 0.12224537134170534 0.10242147743701936 0.0012064888142049315 -0.83381226658821095 0.00074355816468596469 0.13284512609243396 0.0041683805175125608 2.7414531707763676 0.086286514997482314 0.061415445059537895
decision_type=2 2 2 2 2 2 2 2 2 2 2 2 2 2 2 2 2 2 2 2 2 2 2 2 2 2
left_child=1 2 13 8 10 6 -4 -7 11 15 17 18 -13 22 -15 -10 -5 -3 -2 25 -21 -12 -1 -6 -11 -18
right_child=3 4 5 16 23 7 -8 -9 9 24 21 12 -14 14 -16 -17 19 -19 -20 20 -22 -23 -24 -25 -26 -27
leaf_value=0.029692618749154194 -0.061173324400309995 -0.019414241584896869 0.032720608944613171 -0.063415282523821018 -0.069024387369007997 0.036747051614708287 -0.035127361199468653 -0.056717238975341477 -0.033249282337669474 -0.066407548949872205 -0.059428515055730394 0.048299019177010696 -0.04331327540888872 -0.071152886377047614 0.046486691417549464 0.060847419054755804 0.047867118607868651 0.055958116275367398 -0.023018165522080115 -0.024128506415150283 0.048761619286204247 0.016496969225083178 0.063800135124691459 0.011340062653765286 -0.010612792168424801 0.072319242556838054
leaf_weight=26.715794827789068 1231.2100613045041 19.861163875088096 150.86583289504051 16.821376810315996 24.927550328895453 26.587890444323421 103.03869797568768 211.40664629638195 20.603975307196379 38.07766961120069 13.292936891317366 23.918085567653179 58.604829211719334 17.9363026432693 29.001760194078088 36.90063213929534 20.660704405978322 1342.5773912444711 79.578145978040993 44.389100605621934 21.926852867007256 48.794057220220566 186.10270996764302 2.7098688632249823 2.3618538677692404 20.306354016065598
leaf_count=96 19938 155 608 300 385 129 955 2957 257 648 99 83 814 244 81 119 59 2300 814 350 65 185 260 20 24 25
internal_value=-0.00054754 0.0345118 0.00410365 -0.0483703 0.0502377 -0.0197176 0.00515698 -0.0461657 -0.0533784 -0.0105402 0.0524376 -0.05638 -0.0165004 0.0491165 0.000986898 0.0271404 0.0117528 0.0548459 -0.0588762 0.0240155 0.000338393 -0.00044315 0.0596774 -0.0610238 -0.0634836 0.0614219
internal_weight=3819.18 2203.82 751.656 1615.36 1452.16 491.899 253.905 237.995 1491.26 97.9441 1424.53 1393.31 82.5229 259.757 46.9381 57.5046 124.104 1362.44 1310.79 107.283 66.316 62.087 212.819 27.6374 40.4395 40.9671
internal_count=31970 8474 5330 23496 3144 4649 1563 3086 22697 1048 2739 21649 897 681 325 376 799 2455 20752 499 415 284 356 405 672 84
is_linear=0
shrinkage=0.05


Tree=10
num_leaves=28
num_cat=0
split_feature=48 48 20 22 46 2 22 38 45 24 3 25 44 0 45 24 2 7 36 50 29 7 24 3 29 3 24
split_gain=2157.49 360.249 243.615 185.618 201.703 125.595 104.541 82.2595 81.7462 61.0345 59.2329 53.1842 44.3485 55.7261 42.4753 31.5883 29.3671 31.8061 23.4759 20.8944 15.063 12.6487 11.3097 12.75 11.0947 8.59024 1.96389
threshold=0.89699381589889537 0.74788135290145885 0.98108601570129406 1.0000000180025095e-35 0.00072409989661537122 0.11981283873319627 1.0000000180025095e-35 0.0022096738684922461 0.0011619132128544154 0.070523668080568327 0.0029522485565394167 5.7710149121703587e-05 1.2231062054634096 0.37640704214572912 0.00089018858852796267 0.16736242175102237 0.10669768974184991 0.9045553207397462 2.7363884328224234e-05 0.020739053376019004 -0.14597245305776593 0.74695953726768505 0.21348178386688235 -0.0016096752951852975 0.57061570882797252 0.00088190136011689912 0.094354975968599333
decision_type=2 2 2 2 2 2 2 2 2 2 2 2 2 2 2 2 2 2 2 2 2 2 2 2 2 2 2
left_child=1 11 5 4 7 22 12 -3 19 -6 -10 16 18 -14 -13 -16 17 -1 -4 -7 -8 -22 23 -2 -18 26 -5
right_child=2 3 6 25 9 8 20 -9 10 -11 -12 14 13 -15 15 -17 24 -19 -20 -21 21 -23 -24 -25 -26 -27 -28
leaf_value=0.054657846936095267 0.051408436252306872 -0.044790434462526646 0.023450204142153999 0.044306580871810691 -0.066650219675992231 -0.056928729356170153 0.056757300760260025 0.018708612995627677 0.028803850238558894 0.02860452809798425 -0.047733315739470483 -0.06837108979179958 -0.0020457531226925727 -0.060253035448438574 0.0066755346875669828 0.056642560683499488 0.059925025220788811 -0.057162226746378421 -0.060114001536161234 0.031044754508237373 0.036655454313174844 -0.050709002989773017 -0.065282780553553077 -0.055140626284577311 0.028049497910487831 0.029071723319232353 0.064322598736896774
leaf_weight=12.561042547225954 4.2319411914795637 243.32257631607354 7.9865849763154975 25.233629070222378 16.777166958898306 50.513933125883341 20.952604949474335 63.852348489686847 217.19623687677085 333.21066042687744 27.678310321643949 10.502903206273912 82.248380348552018 81.374069793149829 62.273947551846504 63.918347334489226 931.44839877914637 10.976234702393411 1052.4067557191011 7.1207550354301921 7.1652120873332006 7.4452114179730415 81.501994404010475 5.0748465918004495 30.759709721431136 27.64717585220933 118.87156893312931
leaf_count=21 16 3154 66 48 192 838 38 351 1078 1134 308 154 891 1377 310 118 1369 88 18340 44 25 90 1519 94 73 69 156
internal_value=-0.000515535 0.0350798 -0.042534 0.0100621 -0.00205866 -0.00815712 -0.0532536 -0.031573 0.00736539 0.0238615 0.0199939 0.0535298 -0.0557114 -0.031184 0.0240608 0.032231 0.0575878 0.00230788 -0.0594631 -0.0457155 0.0305506 -0.00826042 -0.0593839 -0.00640403 0.0589362 0.0561821 0.0611472
internal_weight=3604.25 1951.36 1652.9 828.915 657.163 393.318 1259.58 307.175 302.509 349.988 244.875 1122.44 1224.02 163.622 136.695 126.192 985.745 23.5373 1060.39 57.6347 35.563 14.6104 90.8088 9.30679 962.208 171.752 144.105
internal_count=31961 7237 24724 5104 4831 3897 20827 3505 2268 1326 1386 2133 20674 2268 582 428 1551 109 18406 882 153 115 1629 110 1442 273 204
is_linear=0
shrinkage=0.05


Tree=11
num_leaves=26
num_cat=0
split_feature=45 31 2 22 0 25 7 38 34 7 1 5 34 2 47 0 29 36 0 22 34 1 49 29 6
split_gain=1477.56 579.368 252.254 217.235 158.15 147.437 131.111 127.218 82.7591 55.6159 51.9379 51.8905 51.8114 47.7883 28.0925 21.3708 20.1359 14.5229 7.84776 15.2545 5.84027 4.44841 4.29156 3.77137 1.28672
threshold=0.001713481324259192 0.034772275015711791 0.10669768974184991 1.0000000180025095e-35 0.91543772816658031 -0.0005244271014817058 0.93085125088691723 0.0056284519378095874 0.25849823653697973 0.90094172954559337 0.90763583779335033 0.0031062887283042078 0.21960677951574328 0.128637470304966 0.017160770483314994 0.70548158884048473 -0.53932338953018177 0.0010203495039604606 0.74734133481979381 1.0000000180025095e-35 0.41301311552524572 0.5097579061985017 0.058454584330320365 -1.2938903570175169 0.51459828019142162
decision_type=2 2 2 2 2 2 2 2 2 2 2 2 2 2 2 2 2 2 2 2 2 2 2 2 2
left_child=1 3 9 7 5 10 18 11 -7 22 -4 -1 14 -9 -8 24 -17 -6 21 -20 -11 -3 -2 -14 -5
right_child=2 6 4 15 17 8 12 13 -10 20 -12 -13 23 -15 -16 16 -18 -19 19 -21 -22 -23 -24 -25 -26
leaf_value=-0.037270614587916702 0.0067063489520117403 0.047000779639778077 0.052210616965619266 0.063921879518716709 -0.067241083819265732 0.0021394884129835126 -0.045596136459682662 -0.061018805272679832 0.047839176984425025 -0.066361537310958826 -0.036182671498972453 -0.059302768020791458 0.062314453707125794 0.032665690601583856 0.013387736027404312 0.041783292552811963 -0.061543777494884135 0.044790383331861167 -0.030486436595508828 0.05711854971905389 0.011028301843310512 0.066373834568245207 0.056976338355238798 0.025338980192268559 0.042139437807008573
leaf_weight=385.72315960330889 8.0137401670217514 59.761774584650993 1081.314448792953 31.593168210238218 37.010269852355123 306.87440793588758 66.147487404756248 16.392047075554729 145.36558533087373 73.919610482174903 16.218837562948465 927.35811514779925 15.755646269768478 62.009390354156494 28.320788487792015 8.9004657603800315 8.0224723070859891 2.4543228708207598 7.2296157404780397 12.021721601486206 2.247141493484377 108.75599278509617 8.812839686870575 15.639777394011615 21.421987324953079
leaf_count=5421 72 149 2557 43 642 2025 962 246 357 1366 124 16949 26 289 194 21 76 7 91 18 20 171 13 83 63
internal_value=0.000195119 -0.0316171 0.0337615 -0.0448462 0.0384501 0.040977 0.0299724 -0.0491716 0.0169021 -0.0459226 0.0508726 -0.052864 -0.00948556 0.0125565 -0.0279583 0.0406927 -0.00790066 -0.0593391 0.0563316 0.0243386 -0.063965 0.0598213 0.0347542 0.0452457 0.0560633
internal_weight=3457.28 1775.05 1682.23 1461.42 1589.24 1549.77 313.633 1391.48 452.24 92.9933 1097.53 1313.08 125.864 78.4014 94.4683 69.9381 16.9229 39.4646 187.769 19.2513 76.1668 168.518 16.8266 31.3954 53.0152
internal_count=31985 24802 7183 23108 5712 5063 1694 22905 2382 1471 2681 22370 1265 535 1156 203 97 649 429 109 1386 320 85 109 106
is_linear=0
shrinkage=0.05


Tree=12
num_leaves=31
num_cat=0
split_feature=48 45 31 20 22 36 48 2 2 47 25 37 29 31 2 24 30 36 42 2 32 44 43 6 19 24 34 4 7 4
split_gain=1775.65 378.604 257.255 108.465 106.711 101.592 79.0194 60.4423 56.9016 54.1803 38.6927 43.1009 37.4238 34.8928 35.9214 29.6882 21.6863 20.9834 20.7207 20.6356 19.8745 16.8204 32.1085 13.1865 12.5059 11.3026 10.8708 8.94251 7.10619 1.51701
threshold=0.93142634630203258 0.0017426342819817366 0.040429620072245605 0.98108601570129406 1.0000000180025095e-35 0.00055357374367304157 0.79277813434600841 0.12941937148571017 0.12199999764561655 0.06480391696095468 -0.0012920621666125951 0.047364693135023124 0.91608327627182018 0.038881113752722747 0.12274738028645517 0.32829773426055914 0.0038816721644252543 0.00064004890737123798 0.65625000000000011 0.13149087876081469 0.003028741455636919 1.2539176344871523 0.0010850366088561716 0.44606898725032812 0.010165959130972626 0.31193716824054724 0.26831933856010443 -0.00031916503212414676 0.93762344121932995 0.0028548419941216712
decision_type=2 2 2 2 2 2 2 2 2 2 2 2 2 2 2 2 2 2 2 2 2 2 2 2 2 2 2 2 2 2
left_child=1 2 4 7 5 -1 16 23 9 -8 25 -12 -10 21 29 28 18 -18 -3 -17 -16 26 -23 24 -2 -9 -5 -6 -4 -15
right_child=3 6 15 13 27 -7 8 10 12 -11 11 -13 -14 14 20 19 17 -19 -20 -21 -22 22 -24 -25 -26 -27 -28 -29 -30 -31
leaf_value=-0.04094063809747675 -0.0049581221391705559 0.024393598762011019 0.060101859872933663 -0.060401369431703759 0.057876837909987378 0.014699555811395412 -0.052943173263460576 0.054164379863845084 0.037448965142181899 0.058080272381824609 -0.034120792007414871 0.026845761327936923 -0.038271945633756257 -0.063166233652979478 -0.019469955025713491 -0.045061932231832837 -0.020941382397081588 0.043747053800203939 0.05747408080843306 0.039840337367682624 0.046863727461194986 0.029968388910872158 -0.048664740150446639 0.01159942983525996 -0.062924896776673594 -0.00017655526665062438 -0.0039585602032579962 0.016287400611101014 0.034802092226313391 -0.010995482121756512
leaf_weight=341.52202437771484 10.765202473849056 52.557558593340218 135.66450778022408 785.50066072447225 37.75858786329627 107.30374095682055 37.656942755449563 31.453580040484667 343.27605254063383 14.426376581192015 91.172547344584018 41.419013561680913 16.350019602105021 31.580535445362329 27.425918471068144 13.122223284095528 18.074839934706688 36.587855488061905 785.08365552127361 13.512677889317272 17.76425682194531 14.350615769624708 93.960994450841099 7.5210642069578162 77.185375296510756 13.560889832675455 8.7711145468056184 20.927194215357304 41.391772987321019 1.9466051086783398
leaf_count=5033 147 145 224 15834 62 689 547 84 1122 23 1162 241 117 644 336 158 128 90 1293 46 70 78 1681 56 1524 103 100 56 152 28
internal_value=2.68534e-06 0.0290689 -0.000280486 -0.0466794 -0.0193323 -0.0276353 0.0450638 -0.0187183 0.0268424 -0.0216764 -0.00140517 -0.0150176 0.0339098 -0.0544335 -0.0221342 0.047051 0.0534318 0.0223651 0.05543 -0.00210548 0.00705587 -0.0572228 -0.0380675 -0.0505776 -0.0559652 0.0381458 -0.0597838 0.0435675 0.054416 -0.0605434
internal_weight=3269.59 2015.22 711.203 1254.38 507.512 448.826 1304.01 273.078 411.709 52.0833 177.606 132.592 359.626 981.301 78.7173 203.691 892.304 54.6627 837.641 26.6349 45.1902 902.583 108.312 95.4716 87.9506 45.0145 794.272 58.6858 177.056 33.5271
internal_count=31973 9885 6420 22088 5840 5722 3465 3317 1809 570 1590 1403 1239 18771 1078 580 1656 218 1438 204 406 17693 1759 1727 1671 187 15934 118 376 672
is_linear=0
shrinkage=0.05


Tree=13
num_leaves=26
num_cat=0
split_feature=45 31 2 38 34 0 25 24 32 5 2 0 31 32 24 37 2 29 33 4 25 24 30 40 34
split_gain=1174.32 420.14 210.021 161.182 136.288 131.274 125.676 90.0068 84.659 67.6785 167.993 51.2931 41.2149 35.1829 53.4584 34.7478 33.337 27.3668 26.0989 25.2941 12.3618 7.83365 6.74708 5.64316 1.54464
threshold=0.0016818866133689883 0.034772275015711791 0.10669768974184991 0.0036782399984076623 0.29452645778656011 0.74378210306167614 -0.0008697205630596726 0.36721420288085943 0.0053618282545357951 0.0031799726421013479 0.14375565946102145 0.40783654153347021 0.11077342182397844 0.0025136317126452927 0.28561507165431982 0.044318424537777908 0.12330029159784318 0.59580504894256603 0.0019422756158746781 -0.00060964227304793883 -0.00017852082964964208 0.31583754718303686 0.0038671977818012242 0.23751655220985415 0.41301311552524572
decision_type=2 2 2 2 2 2 2 2 2 2 2 2 2 2 2 2 2 2 2 2 2 2 2 2 2
left_child=1 3 12 9 5 6 -4 13 -7 10 -1 16 24 14 -3 -11 -5 22 -13 -19 -15 -14 -6 -23 -2
right_child=2 7 4 11 17 8 -8 -9 -10 15 -12 18 21 20 -16 -17 -18 19 -20 -21 -22 23 -24 -25 -26
leaf_value=-0.058727927495662947 -0.063902333370289902 0.042066511109379506 0.046364163263562082 -0.057570408142261859 0.058476528303433042 -0.060911085889336442 0.0059232234296963922 -0.064329467959448772 0.043459670313061027 -0.059897363715093146 0.008811200528626004 -0.052305773337831832 0.054705437914653279 0.057352986018450271 -0.033629847221842292 -0.021105819366426633 0.047421281003883001 0.053446648298076799 0.037718773701369529 -0.036880602863391926 0.016021187865851751 -0.049400122504298691 0.029824944290258101 0.033580087194065515 -0.011706506247753296
leaf_weight=222.1855863253586 65.940081330947578 57.398983022198081 465.81958504253998 7.6150805614888659 504.66547026485205 69.131646887399256 327.01781219616532 23.886997174471617 26.054944472387433 722.9063349259086 156.32913508778438 32.780248786322773 8.9092256594449264 122.59484750218689 37.902428633999079 64.264594865497202 69.744030715897679 14.040922805666925 9.7737922929227334 15.014876902103422 22.309986285865307 3.6915419958531848 24.774903807789087 2.7218721322715282 1.9599961098283518
leaf_count=4210 1380 250 1375 146 872 1230 2122 461 91 15291 1587 498 15 272 496 979 243 30 43 64 147 80 97 11 26
internal_value=-0.000255049 -0.0309222 0.030812 -0.0427175 0.0352618 0.0230485 0.0297122 0.0264412 -0.0321874 -0.0483922 -0.0308841 0.0123913 -0.0460324 0.035697 0.0119246 -0.0567612 0.0364833 0.0546055 -0.0312377 0.00709509 0.0511428 0.0266689 0.0571945 -0.0144039 -0.0625874
internal_weight=3079.43 1549.69 1529.74 1285.6 1446.52 888.024 792.837 264.093 95.1866 1165.69 378.515 119.913 83.2227 240.206 95.3014 787.171 77.3591 558.496 42.554 29.0558 144.905 15.3226 529.44 6.41341 67.9001
internal_count=32016 24623 7393 22997 5881 4818 3497 1626 1321 22067 5797 930 1512 1165 746 16270 389 1063 541 94 419 106 969 91 1406
is_linear=0
shrinkage=0.05


end of trees

feature_importances:
radius_norm=37
distance_to_centroid_norm=32
optical_spin_confidence=32
history_mean_angular_velocity_norm=21
x_norm=20
is_current_target=18
history_std_local_graph_strain_norm=16
speed_norm=15
history_std_translation_residual_norm=15
orientation_sin=14
orientation_cos=14
speed_minus_peer_median_norm=14
history_mean_local_graph_strain_norm=14
appearance_peer_z=12
history_std_speed_norm=12
history_mean_direction_score_norm=10
history_std_angular_velocity_norm=10
vy_norm=7
history_mean_speed_norm=7
vx_norm=6
association_quality=6
y_norm=5
angular_velocity_norm=5
history_std_direction_score_norm=5
visible_streak_norm=4
history_mean_translation_residual_norm=4
history_mean_rotation_score_norm=4
appearance_distance=3
history_std_rotation_score_norm=3
optical_spin_abs_norm=3
motion_reliability=2
history_mean_appearance_distance=2
history_std_appearance_distance=2
history_length_norm=2
local_graph_strain_peer_z=2
translation_residual_norm=1
rigidity_score_norm=1
direction_score_peer_z=1
rigidity_score_peer_z=1
local_graph_strain_norm=1
optical_spin_evidence=1
multilag_spin_abs_norm=1
multilag_spin_confidence=1

parameters:
[boosting: gbdt]
[objective: lambdarank]
[metric: ndcg]
[tree_learner: serial]
[device_type: cpu]
[data_sample_strategy: bagging]
[data: ]
[valid: ]
[num_iterations: 200]
[learning_rate: 0.05]
[num_leaves: 31]
[num_threads: 0]
[seed: 20260911]
[deterministic: 0]
[force_col_wise: 0]
[force_row_wise: 0]
[histogram_pool_size: -1]
[max_depth: 5]
[min_data_in_leaf: 40]
[min_sum_hessian_in_leaf: 0.001]
[bagging_fraction: 0.8]
[pos_bagging_fraction: 1]
[neg_bagging_fraction: 1]
[bagging_freq: 1]
[bagging_seed: 22173]
[bagging_by_query: 0]
[feature_fraction: 0.85]
[feature_fraction_bynode: 1]
[feature_fraction_seed: 8630]
[extra_trees: 0]
[extra_seed: 5152]
[early_stopping_round: 0]
[early_stopping_min_delta: 0]
[first_metric_only: 0]
[max_delta_step: 0]
[lambda_l1: 0]
[lambda_l2: 1]
[linear_lambda: 0]
[min_gain_to_split: 0]
[drop_rate: 0.1]
[max_drop: 50]
[skip_drop: 0.5]
[xgboost_dart_mode: 0]
[uniform_drop: 0]
[drop_seed: 25851]
[top_rate: 0.2]
[other_rate: 0.1]
[min_data_per_group: 100]
[max_cat_threshold: 32]
[cat_l2: 10]
[cat_smooth: 10]
[max_cat_to_onehot: 4]
[top_k: 20]
[monotone_constraints: ]
[monotone_constraints_method: basic]
[monotone_penalty: 0]
[feature_contri: ]
[forcedsplits_filename: ]
[refit_decay_rate: 0.9]
[cegb_tradeoff: 1]
[cegb_penalty_split: 0]
[cegb_penalty_feature_lazy: ]
[cegb_penalty_feature_coupled: ]
[path_smooth: 0]
[interaction_constraints: ]
[verbosity: -1]
[saved_feature_importance_type: 0]
[use_quantized_grad: 0]
[num_grad_quant_bins: 4]
[quant_train_renew_leaf: 0]
[stochastic_rounding: 1]
[linear_tree: 0]
[max_bin: 255]
[max_bin_by_feature: ]
[min_data_in_bin: 3]
[bin_construct_sample_cnt: 200000]
[data_random_seed: 5056]
[is_enable_sparse: 1]
[enable_bundle: 1]
[use_missing: 1]
[zero_as_missing: 0]
[feature_pre_filter: 1]
[pre_partition: 0]
[two_round: 0]
[header: 0]
[label_column: ]
[weight_column: ]
[group_column: ]
[ignore_column: ]
[categorical_feature: ]
[forcedbins_filename: ]
[precise_float_parser: 0]
[parser_config_file: ]
[objective_seed: 11763]
[num_class: 1]
[is_unbalance: 0]
[scale_pos_weight: 1]
[sigmoid: 1]
[boost_from_average: 1]
[reg_sqrt: 0]
[alpha: 0.9]
[fair_c: 1]
[poisson_max_delta_step: 0.7]
[tweedie_variance_power: 1.5]
[lambdarank_truncation_level: 30]
[lambdarank_norm: 1]
[label_gain: ]
[lambdarank_position_bias_regularization: 0]
[eval_at: 1]
[multi_error_top_k: 1]
[auc_mu_weights: ]
[num_machines: 1]
[local_listen_port: 12400]
[time_out: 120]
[machine_list_filename: ]
[machines: ]
[gpu_platform_id: -1]
[gpu_device_id: -1]
[gpu_use_dp: 0]
[num_gpu: 1]

end of parameters

pandas_categorical:null
