tree
version=v4
num_class=1
num_tree_per_iteration=1
label_index=0
max_feature_idx=56
objective=lambdarank
feature_names=x_norm y_norm radius_norm vx_norm vy_norm speed_norm orientation_sin orientation_cos orientation_known angular_velocity_norm translation_residual_norm rotation_residual_norm rotation_score_norm direction_score_norm speed_score_norm rigidity_score_norm motion_reliability visible_streak_norm lost_frames_norm appearance_distance association_quality yolo_confidence is_current_target bg_certified distance_to_centroid_norm speed_minus_peer_median_norm rotation_score_peer_z direction_score_peer_z rigidity_score_peer_z appearance_peer_z history_mean_speed_norm history_mean_angular_velocity_norm history_mean_translation_residual_norm history_mean_rotation_score_norm history_mean_direction_score_norm history_mean_appearance_distance history_std_speed_norm history_std_angular_velocity_norm history_std_translation_residual_norm history_std_rotation_score_norm history_std_direction_score_norm history_std_appearance_distance history_length_norm global_similarity_residual_norm global_similarity_residual_peer_z history_mean_global_similarity_residual_norm history_std_global_similarity_residual_norm local_graph_strain_norm local_graph_strain_peer_z history_mean_local_graph_strain_norm history_std_local_graph_strain_norm optical_spin_abs_norm optical_spin_confidence optical_spin_evidence multilag_spin_abs_norm multilag_spin_confidence multilag_spin_consistency
feature_infos=[0.023437527939677238:0.97688722610473633] [0.034432891756296158:0.96392875909805298] [0.053096525371074677:0.1973479837179184] [-0.0080459257587790489:0.009354742243885994] [-0.0070236730389297009:0.0059997495263814926] [1.6123552768476657e-06:0.0093742832541465759] [-0.99997174739837646:0.99999529123306274] [-0.99999368190765381:1] none [-0.54599446058273315:0.55592876672744751] [0:0.092281647026538849] none [0:0.072172954678535461] [0:0.99946087598800659] [0:0.11707045137882233] [0:0.0078225545585155487] [0:0.99996823072433472] [0.033333331346511841:1] none [0.00012260675430297852:2] [0.00039127969648689032:0.99996823072433472] [0:0.99794524908065796] [0:1] none [0.00074696843512356281:0.48266205191612244] [-0.0052215233445167542:0.0059342398308217525] [-1.4680711030960083:4.1000180244445801] [-2.1915533542633057:4.0590243339538574] [-0.9187544584274292:4.2065086364746094] [-3.0406723022460938:3.4346854686737061] [8.0617763842383283e-07:0.0079342853277921677] [-0.28176912665367126:0.4193059504032135] [0:0.14316053688526154] [0:0.072172954678535461] [0:0.90268337726593018] [3.9807386201573536e-05:2] [8.0617763842383283e-07:0.0031374881509691477] [0:0.28885024785995483] [0:0.085645973682403564] [0:0.033846057951450348] [0:0.49838733673095703] [0:0.99925148487091064] [0.125:1] [1.0974699762300588e-05:0.027237510308623314] [-4.4384894371032715:8] [0.00016147420683410019:0.024980045855045319] [0:0.03927256166934967] [7.1252275120059494e-06:0.025025943294167519] [-8:8] [0.00016881969349924475:0.018104229122400284] [0:0.036644559353590012] [0:0.29078683257102966] [0:1] [0:0.16223746538162231] [0:0.77272725105285645] [0:0.82690662145614624] [0:1]
tree_sizes=2620 3035 3468 3371 3048 3262 3470 3256 3053

Tree=0
num_leaves=23
num_cat=0
split_feature=45 22 52 31 0 38 24 30 52 24 38 2 30 2 44 0 36 52 31 9 37 26
split_gain=4165.76 756.315 384.296 295.455 174.236 136.257 120.149 71.1852 48.2479 46.8592 46.4507 39.3329 36.919 34.7181 30.0283 25.0998 14.8908 13.3046 13.7334 6.33234 2.76721 2.11234
threshold=0.0021135548595339064 1.0000000180025095e-35 0.96638417243957531 0.034772275015711791 0.91543772816658031 0.0036782399984076623 0.29984101653099066 0.0040589666459709415 0.8760964870452882 0.070523668080568327 0.0061127783264964828 0.10362220555543901 0.0041737658903002748 0.11981283873319627 2.2276929616928105 0.15678255259990695 0.0013724858290515842 0.8981321156024934 0.0011097434908151629 -0.0016611430328339336 0.070373050868511214 -0.4919417649507522
decision_type=2 2 2 2 2 2 2 2 2 2 2 2 2 2 2 2 2 2 2 2 2 2
left_child=1 3 4 5 7 14 12 11 -7 -9 -8 -2 -5 -4 -1 20 -6 -3 21 -17 -15 -19
right_child=2 17 13 6 16 8 10 9 -10 -11 -12 -13 -14 15 -16 19 -18 18 -20 -21 -22 -23
leaf_value=-0.09233405806408862 0.0040903658273488781 0.095582653757122701 -0.096215066484698575 0.065501670596590997 -0.093238484672681365 0.046721592463605799 -0.082442189933648005 -0.071443391189010969 -0.048622266459132209 0.053147202113751346 0.05771480395904599 0.094822234404932149 -0.046894777664574477 0.018696097848308276 -0.040362155590374024 -0.086277861692589455 0.055139810101481515 0.0036587129261512422 0.066039283523148501 -0.018322470858048428 0.076103648576175006 -0.065925043946807413
leaf_weight=840.87926323525608 12.224498188355936 62.948595946421847 25.420543345273472 51.028739214874804 13.789584162586831 22.601608630502596 34.894110510824248 8.0010074125602824 29.335884558036923 48.788932425668463 6.3356654673116273 777.65966040303465 7.7655059802345923 5.0621131791267562 30.995363964349963 6.2874939575558528 1.2496423353441066 1.5766255555208766 9.0078038333449495 7.7943523991852981 4.1094254795461893 1.9347066462505607
leaf_count=22939 209 146 1060 318 554 225 1247 206 733 374 51 2316 135 78 688 227 4 27 56 201 19 59
internal_value=-0.000268927 -0.0657523 0.0787884 -0.0770238 0.0865137 -0.0858529 0.00456426 0.089529 -0.00703272 0.0346614 -0.060048 0.093425 0.0501204 -0.0569666 -0.0905348 -0.0118623 -0.0782403 0.0861702 0.0352733 -0.0523731 0.0493715 -0.0407958
internal_weight=2009.69 1099.3 910.387 1023.84 861.713 923.812 100.024 846.674 51.9375 56.7899 41.2298 789.884 58.7942 48.6739 871.875 23.2534 15.0392 75.4677 12.5191 14.0818 9.17154 3.51133
internal_count=31872 26624 5248 26336 3663 24585 1751 3105 958 580 1298 2525 453 1585 23627 525 558 288 142 428 97 86
is_linear=0
shrinkage=0.05


Tree=1
num_leaves=27
num_cat=0
split_feature=52 46 2 25 22 25 45 24 0 51 0 46 38 1 6 30 7 2 40 45 1 37 0 24 0 7
split_gain=10153.3 1846.69 598.651 597.329 372 366.266 337.099 214.824 210.64 203.496 199.211 178.773 162.275 152.493 150.897 128.678 128.521 125.457 110.972 110.772 95.7096 89.1701 48.298 46.8021 24.0083 22.0701
threshold=0.82478070259094249 0.00069360100314952444 0.12171111628413202 -0.00014006055425852534 1.0000000180025095e-35 -0.00068745922180823971 0.0017205014592036607 0.11834894493222238 0.43168073892593389 0.06480391696095468 0.90149918198585521 0.0024973539402708416 0.0058516415301710376 0.10371308773756029 0.031863288953900344 0.0030931073706597094 0.9165293574333192 0.128637470304966 0.2284909784793854 0.0037208284484222536 0.90529265999794017 0.045765578746795661 0.36049813032150274 0.21677962690591815 0.41834877431392675 0.72937968373298656
decision_type=2 2 2 2 2 2 2 2 2 2 2 2 2 2 2 2 2 2 2 2 2 2 2 2 2 2
left_child=3 4 9 10 12 14 16 8 -8 25 13 -7 19 21 -4 -6 23 -14 -12 -2 -15 -1 -18 -5 -9 -3
right_child=1 2 5 6 15 11 7 24 -10 -11 18 -13 17 20 -16 -17 22 -19 -20 -21 -22 -23 -24 -25 -26 -27
leaf_value=-0.078099075159440756 -0.0850182703917432 -0.010358763636476892 0.0090105280643300034 -0.044759041785160054 0.074343001148545973 -0.033076822895223783 0.065458752499607406 0.081657176956944577 -0.068696406665536655 0.08737507141434632 -0.089990514421967913 0.03194277079931164 -0.091661503793476345 0.086329234621136508 0.070060648328767544 -0.069734686725964265 -0.0034396975996427493 0.048125529117672081 0.08235920542624553 0.031945743768582578 0.019347087516655381 0.058058536704536569 -0.085551271717627428 0.06325375265713587 0.053164127575167565 -0.087224335949807441
leaf_weight=21.95133675634861 2377.3193430640968 10.042446821928023 158.01291773095727 13.549668431282042 51.818179940804839 359.47432374372147 50.604018038138747 167.18067078664899 66.607450285926461 17.898555278778076 25.692143238149583 148.68326248414814 24.775921834632754 2213.4307736817282 282.22986742667854 21.031967747025192 22.713173595257103 41.55025795288384 13.437701873481272 19.941278546117246 55.326405598549172 24.26903846533969 85.203827984631062 32.12455640733242 150.38556024059653 224.83250970439985
leaf_count=174 23065 33 430 73 78 1731 72 136 243 12 242 234 205 1757 326 69 139 119 12 58 151 53 784 55 157 1538
internal_value=0.000260534 -0.0544276 -0.00334993 0.0697217 -0.0786054 0.0148873 0.024607 0.0470767 -0.0107135 -0.0715647 0.0809821 -0.0140272 -0.0818987 0.0828741 0.0482185 0.0323665 -0.0388922 -0.00467732 -0.0302259 -0.0840324 0.084705 -0.00689098 -0.0684596 0.0309383 0.0683733 -0.0839957
internal_weight=6680.09 3737.61 1201.17 2942.48 2536.44 948.4 588.369 434.778 117.211 252.774 2354.11 508.158 2463.59 2314.98 440.243 72.8501 153.591 66.3262 39.1298 2397.26 2268.76 46.2204 107.917 45.6742 317.566 234.875
internal_count=31946 27898 4304 4048 23594 2721 1659 608 315 1583 2389 1965 23447 2135 756 147 1051 324 254 23123 1908 227 923 128 293 1571
is_linear=0
shrinkage=0.05


Tree=2
num_leaves=31
num_cat=0
split_feature=52 46 45 7 2 32 40 22 36 52 17 24 6 7 24 2 31 31 34 26 25 6 43 24 52 46 43 32 2 30
split_gain=7567.89 1137.98 990.318 516.187 301.606 288.363 258.23 164.95 138.73 121.786 119.282 96.3181 91.4279 88.007 155.606 93.5197 68.8124 65.9415 55.3208 54.4711 47.9571 46.8448 37.7719 34.993 34.5221 18.8938 18.8828 11.9769 7.81371 7.08275
threshold=0.8760964870452882 0.000852889963425696 0.0023345252266153698 0.9165293574333192 0.12147369608283044 0.0027239220216870312 0.24842049181461337 1.0000000180025095e-35 0.00039465933514293289 0.96521475911140453 0.42499999701976782 0.10714414715766908 0.021201548166573051 0.98529756069183361 0.05038577318191529 0.12199999764561655 0.038881113752722747 0.015010809060186149 0.1094135418534279 -0.092193454504013048 0.00051933203940279793 0.097163978964090361 0.0031767425825819377 0.20414112508296969 0.58658170700073253 0.0010920797358267011 0.0028058466268703346 0.02007418125867844 0.11560932546854021 0.0029008134733885531
decision_type=2 2 2 2 2 2 2 2 2 2 2 2 2 2 2 2 2 2 2 2 2 2 2 2 2 2 2 2 2 2
left_child=2 6 3 17 23 10 7 16 -7 11 -5 -6 -11 20 24 -16 -2 18 -1 -9 27 22 -8 25 -15 -3 -22 -4 -25 -19
right_child=1 4 13 5 9 8 21 19 -10 12 -12 -13 -14 14 15 -17 -18 29 -20 -21 26 -23 -24 28 -26 -27 -28 -29 -30 -31
leaf_value=-0.054018326681851594 -0.079969936537067285 0.044256048253744996 0.084224756356209574 -0.0013771364893487433 -0.040014192597129461 -0.026097097766014567 -0.081718433668193341 -0.048077351905108548 0.060717102972950888 -0.061825805029865538 -0.065028068652231291 0.050677189692878002 0.017464667747719632 0.0279500644258696 0.016730283242324763 0.071627789769304132 -0.044519327032624734 0.085001504023795652 0.047140268000729749 0.063974337062195089 0.0016790416092525885 0.063915174855111709 0.049881073588183285 -0.085923064789913406 -0.074848743521202188 -0.054131381352976987 0.060459928592559553 0.057189053824314384 -0.043643546627952501 0.059746869889446046
leaf_weight=16.694824662059546 2057.7654491625726 9.3407576680183428 1294.3958447892219 105.18946777749807 31.943761477246881 71.280359196476638 12.287769071757795 16.950436964631081 126.5240873657167 58.32083750423044 244.47493952699006 279.63877586647868 93.098296007141471 11.528671711683272 88.977422260679305 645.05971729382873 151.14062453340739 156.3908763229847 57.216299917548895 26.609343431890011 24.525339443236589 37.115007385611534 8.3769792318344098 78.938483746722341 23.815028874203563 8.241284251213072 30.014155987650156 51.478913672268391 16.555178456008434 48.381154205650091
leaf_count=150 21405 30 1067 581 166 368 131 96 241 484 2273 580 356 11 246 664 1360 129 104 48 59 78 21 824 102 68 51 47 137 85
internal_value=0.000454423 -0.0573157 0.0561113 0.00950842 0.00554912 -0.0186928 -0.0729872 -0.0756653 0.029459 0.0234473 -0.0459385 0.0412811 -0.0132802 0.0738428 0.0600664 0.0650051 -0.0775655 0.064778 0.0238748 0.0202712 0.0813632 0.0309291 -0.0285312 -0.0673003 -0.0414706 -0.00229267 0.0345335 0.0832339 -0.0791216 0.079354
internal_weight=5882.27 2886.32 2995.95 826.152 576.077 547.469 2310.25 2252.47 197.804 463.002 349.664 311.583 151.419 2169.8 769.381 734.037 2208.91 278.683 73.9111 43.5598 1400.41 57.7798 20.6647 113.076 35.3437 17.582 54.5395 1345.87 95.4937 204.772
internal_count=31962 25784 6178 3931 2645 3463 23139 22909 609 1586 2854 746 840 2247 1023 910 22765 468 254 144 1224 230 152 1059 113 98 110 1114 961 214
is_linear=0
shrinkage=0.05


Tree=3
num_leaves=30
num_cat=0
split_feature=52 46 45 25 2 2 45 40 6 5 32 36 0 40 51 37 6 30 2 37 38 55 51 31 9 31 3 34 36
split_gain=6456.85 926.778 714.222 364.485 243.867 194.58 170.972 160.969 134.966 129.744 126.691 93.4062 82.353 103.883 76.1517 74.6694 54.5091 51.6871 50.0868 44.2095 41.7294 36.3006 33.8076 33.4634 23.2439 16.2965 14.128 10.2326 1.91334
threshold=0.8760964870452882 0.00070252153091132652 0.0021746008424088363 3.163201472489164e-05 0.11981283873319627 0.1087399832904339 0.0027738856151700024 0.25220672786235815 0.061454407870769508 0.0039319342467933902 0.0020018692594021563 0.00054183386964723479 0.89921107888221752 0.20370239764451983 0.06480391696095468 0.032439609989523895 -0.35537801682949061 0.004202695796266199 0.14243055880069735 0.0057161082513630399 0.0092901401221752184 0.096548561006784453 0.042440153658390052 0.0012356723891571166 0.054755080491304405 0.10283770784735681 -0.0040247542783617965 0.29452645778656011 0.00040606019319966441
decision_type=2 2 2 2 2 2 2 2 2 2 2 2 2 2 2 2 2 2 2 2 2 2 2 2 2 2 2 2 2
left_child=2 7 3 5 22 25 8 14 -6 12 -7 24 19 -14 18 20 -17 -8 -2 -4 -5 -13 26 28 -11 -1 -3 -25 -9
right_child=1 4 9 15 6 10 17 23 -10 11 -12 21 13 -15 -16 16 -18 -19 -20 -21 -22 -23 -24 27 -26 -27 -28 -29 -30
leaf_value=-0.083180765942782231 -0.081438386045005862 -0.0091048952240142117 0.041607729170653723 -0.074831226970853565 -0.050231510187033507 0.0062012396238934368 0.051800967003870185 -0.071124724649704707 0.020068840132103218 -0.058580356303001214 0.06235286993870072 0.05918486615056634 -0.081358460015500567 0.074788368761196905 0.076364285607667115 0.06814853385643084 -0.032964967807985045 -0.016667872985695147 -0.065006836908421822 0.076183298015284534 0.056564477918766926 0.0021940911377163991 0.043443460742541268 0.015729603554804027 0.031455765111353395 0.023299550973464488 -0.075617074315704122 0.073119410995483206 -0.019613031891799762
leaf_weight=35.35077125299722 1129.1975272204727 8.9154993630945665 101.84741962328553 128.43165223486722 133.93856249842793 156.3583133649081 211.48949360661209 5.5964744500815851 137.37191433552653 30.367806045338511 281.16004629991949 128.84407725557685 18.865885425359011 21.966271452605724 7.6489811725914469 18.162781700491905 42.785802827216685 31.190997090190649 846.38433707412332 1725.4335455289111 5.6396892070770255 35.703061129897833 6.2044314816594115 14.309100657701491 8.5925150364637357 3.5616549495607606 110.6859810478054 17.971767038106918 3.8753651678562164
leaf_count=423 12823 70 143 1488 1167 907 391 60 595 178 494 179 222 25 7 35 357 180 9058 1625 9 97 20 73 26 15 1261 22 29
internal_value=0.000218752 -0.0552021 0.0540584 0.00922664 -0.00273606 0.0327836 0.0125622 -0.0717694 -0.0146935 0.0685777 0.0423456 0.0304612 0.0727115 0.00242283 -0.0738154 -0.0481963 -0.00221929 0.0429686 -0.0744352 0.07428 -0.0689262 0.0469071 -0.0648445 0.024869 -0.0384331 -0.073095 -0.0707756 0.0489173 -0.0539345
internal_weight=5407.85 2664.78 2743.07 671.451 639.797 476.431 513.991 2024.98 271.31 2071.62 437.518 203.507 1868.11 40.8322 1983.23 195.02 60.9486 242.68 1975.58 1827.28 134.071 164.547 125.806 41.7527 38.9603 38.9124 119.601 32.2809 9.47184
internal_count=31979 25756 6223 3728 3684 1839 2333 22072 1762 2495 1401 480 2015 247 21888 1889 392 571 21881 1768 1497 276 1351 184 204 438 1331 95 89
is_linear=0
shrinkage=0.05


Tree=4
num_leaves=27
num_cat=0
split_feature=52 44 46 46 31 31 2 2 5 36 24 40 0 38 0 40 52 5 24 2 37 30 30 22 31 46
split_gain=5251.53 669.973 624.666 365.836 236.535 159.968 158.478 153.013 113.908 107.523 104.543 95.2896 74.6026 71.6603 69.1819 68.0819 60.3745 44.2988 60.7499 45.6474 44.072 43.7741 33.5265 31.8144 20.5521 4.12816
threshold=0.89528506994247448 1.2948182225227358 0.0011697105946950617 0.00065029249526560317 0.020540537312626842 0.030225844122469429 0.10114151239395143 0.11981283873319627 0.0039319342467933902 0.00054746636305935692 0.22558574378490451 0.24441879242658618 0.78409263491630565 0.0041851773858070382 0.89921107888221752 0.31186205148696905 0.96638417243957531 0.0033933813683688645 0.18243534117937091 0.11051005497574808 0.068927604705095305 0.0041879829950630673 0.0044700899161398419 1.0000000180025095e-35 0.09000768139958383 0.0012152952258475127
decision_type=2 2 2 2 2 2 2 2 2 2 2 2 2 2 2 2 2 2 2 2 2 2 2 2 2 2
left_child=1 3 5 4 13 15 24 25 14 -10 21 -12 -6 -1 -8 23 22 19 -19 -5 -18 -7 -9 -2 -3 -4
right_child=2 6 7 17 12 10 8 16 9 -11 11 -13 -14 -15 -16 -17 20 18 -20 -21 -22 -23 -24 -25 -26 -27
leaf_value=-0.063332382569296783 -0.071921784711016998 -0.08195607915442521 -0.012564152374347963 -0.031704043417356866 0.044906281034078871 0.056295503218537823 0.070797586028706713 0.048303911832723478 -0.04204280868782298 0.0494145086994279 -0.05769126352077867 0.052983537897555645 -0.075641511593910235 0.029988027490459479 0.0024837860168623201 0.037284690167288026 -0.031901497891392752 -0.019355936639962195 0.049203600787873773 0.057980391891429318 0.05834441446211093 -0.055056390697282631 -0.019867217677844318 -0.010097107771747035 0.027511746437777665 -0.075972238719437979
leaf_weight=228.16551776044071 1752.627784522716 19.854574031196538 3.1927838996052733 14.414746165275572 104.84475617855787 43.504289644770324 1659.6701978603378 167.40917935222387 42.792543527670205 120.83321771398187 159.13994742929935 21.344520568847656 13.68751339195296 22.018993027508259 37.982614433392882 14.013008344918488 59.085628466680646 59.99193000793457 67.993292525410652 254.25691038928926 16.487164806574583 10.157201942056416 19.652571072801948 21.416263546794653 4.8665212877094737 42.923598531633615
leaf_count=2646 20957 209 27 105 335 106 1808 330 347 212 1820 56 178 70 241 57 409 377 159 389 39 115 129 123 19 546
internal_value=-0.000375683 0.0477474 -0.0551109 0.00827815 -0.0275378 -0.0652205 0.0637518 0.0111003 0.0654292 0.0253859 -0.0262121 -0.0443828 0.0304697 -0.0550325 0.0692715 -0.0703111 0.0258994 0.0415568 0.017166 0.0530689 -0.0117084 0.0345969 0.0410743 -0.0711815 -0.0601748 -0.0719421
internal_weight=4982.33 2651.37 2330.95 765.374 368.717 2022.2 1886 308.751 1861.28 163.626 234.146 180.484 118.532 250.185 1697.65 1788.06 262.635 396.657 127.985 268.672 75.5728 53.6615 187.062 1774.04 24.7211 46.1164
internal_count=31809 7095 24714 4259 3229 23234 2836 1480 2608 559 2097 1876 513 2716 2049 21137 907 1030 536 494 448 221 459 21080 228 573
is_linear=0
shrinkage=0.05


Tree=5
num_leaves=29
num_cat=0
split_feature=52 45 46 22 38 2 31 22 24 5 25 46 42 40 24 24 6 34 37 38 29 24 1 52 45 37 29 52
split_gain=4490.76 739.397 523.691 332.396 213.998 174.993 150.224 121.932 100.709 100.689 78.1599 76.788 72.1455 67.0168 54.2417 50.0824 46.4955 41.7385 28.0119 23.0232 18.8076 16.4482 15.2406 14.821 14.7254 6.46823 4.62737 2.32212
threshold=0.89699381589889537 0.0023345252266153698 0.00071218714583665143 1.0000000180025095e-35 0.0022927459795027976 0.12046078965067865 0.022765060886740688 1.0000000180025095e-35 0.11082521826028825 0.0021539018489420418 -5.3832012781640508e-05 0.0024973539402708416 0.90625000000000011 0.26409988105297094 0.22258144617080691 0.10714414715766908 0.028808304108679298 0.26831933856010443 0.020095963962376121 0.0058516415301710376 -0.12457648664712904 0.20414112508296969 0.48638190329074865 0.94893524050712597 0.0025051285047084097 0.063438963145017638 -0.30436500906944269 0.9082491695880891
decision_type=2 2 2 2 2 2 2 2 2 2 2 2 2 2 2 2 2 2 2 2 2 2 2 2 2 2 2 2
left_child=1 3 7 4 6 21 -1 13 -6 16 12 -11 14 19 -3 17 -7 -12 -17 -2 -9 25 -15 -22 -14 -4 -5 -23
right_child=2 10 5 26 8 9 -8 20 -10 11 15 -13 24 22 -16 18 -18 -19 -20 -21 23 27 -24 -25 -26 -27 -28 -29
leaf_value=-0.052994242088268861 -0.0696784704522177 0.050829872679861436 -0.036338940645422237 0.073746293933947785 -0.049667576389274368 -0.0032781382044908079 0.013691901227869964 0.07011391054019897 0.047500903645148265 -0.025888039751864735 -0.034122128163084672 0.036452001657576241 0.042467742169743847 -0.039932378761636939 -0.019280639792732285 0.012431996509741555 0.063818854145644907 0.044931149377778895 0.058137277163012396 -0.02259927665392996 0.036991154667781176 -0.020679534245683345 0.045081619303268781 -0.056926723422591911 0.071629976723029981 0.038427742453405522 0.05108547876877842 -0.073573012130713142
leaf_weight=292.61740664020181 1619.3957094438374 106.18820985592902 5.475243763998149 113.8851864784956 31.378919409587979 35.769189836457372 118.05583808757365 15.225606944411995 153.40108993463218 186.08957951562479 37.569942723028362 66.160125825554132 50.063557185232639 6.9044397547841099 36.544892477337271 41.85927764698863 90.946854088455439 28.442692130804062 181.23426847904921 27.60545115545392 8.0171418664976937 3.0900609716773024 15.221398523077367 6.8840597551316014 1304.8588609443977 4.2339591979980469 42.338125111535192 86.670555271208286
leaf_count=3383 20894 137 63 118 241 203 626 19 370 1510 206 178 111 67 185 83 141 71 262 274 27 33 61 69 1375 21 60 1188
internal_value=-0.000272123 0.0449108 -0.0529364 0.00329807 -0.0137545 -0.00670955 -0.0338373 -0.0659402 0.0308214 0.00882223 0.0624054 -0.0094581 0.0670145 -0.0677419 0.0328698 0.0383799 0.0450015 0.000101555 0.0496553 -0.0689036 0.0328457 -0.0653822 0.0179731 -0.00724846 0.0705846 -0.00319111 0.067969 -0.072
internal_weight=4716.13 2538.44 2177.69 751.677 595.453 478.436 410.673 1699.25 184.78 378.966 1786.76 252.25 1497.66 1669.13 142.733 289.106 126.716 66.0126 223.094 1647 30.1268 99.4698 22.1258 14.9012 1354.92 9.7092 156.223 89.7606
internal_count=31976 7228 24748 4798 4620 3337 4009 21411 611 2032 2430 1688 1808 21296 322 622 344 277 345 21168 115 1305 128 96 1486 84 178 1221
is_linear=0
shrinkage=0.05


Tree=6
num_leaves=31
num_cat=0
split_feature=52 46 45 34 52 34 31 46 5 24 52 51 20 31 5 6 42 19 2 29 2 24 30 13 3 45 27 34 6 43
split_gain=3924.12 657.089 425.352 208.735 153.703 95.292 91.7289 102.11 85.0519 131.821 65.4434 59.5216 53.8592 47.4375 43.5466 43.2029 42.6609 38.9001 36.888 29.5562 27.3547 21.1491 20.9018 17.0586 17.3944 10.2176 8.84041 8.83607 7.07059 6.84821
threshold=0.86402156949043285 0.00068412206019274901 0.0025051285047084097 0.12844193726778033 0.99166667461395275 0.23743148893117907 0.042120410129427917 0.0017137265531346204 0.003499650396406651 0.30491694808006292 0.7756861448287965 0.06480391696095468 0.90306708216667186 0.037376912310719497 0.0048935799859464177 0.033693840727210052 0.71875000000000011 0.048558741807937629 0.14243055880069735 -0.30436500906944269 0.12451204657554628 0.10399341955780984 0.0038816721644252543 0.03212388418614865 -3.0384333513211456e-05 0.0064679333008825788 0.96748861670494091 0.44090683758258825 0.34103247523307806 0.0032724877819418912
decision_type=2 2 2 2 2 2 2 2 2 2 2 2 2 2 2 2 2 2 2 2 2 2 2 2 2 2 2 2 2 2
left_child=2 5 3 8 6 11 7 -3 9 -1 21 18 -10 -12 16 29 17 -4 -2 26 -8 -5 -18 24 -6 -21 -16 -25 -17 -7
right_child=1 4 14 10 23 15 20 -9 12 -11 13 -13 -14 -15 19 28 22 -19 -20 25 -22 -23 -24 27 -26 -27 -28 -29 -30 -31
leaf_value=0.039256504826080819 -0.071219096955041583 -0.025998599605792996 0.051051475515512028 0.014838057587304693 -0.0046885249895585544 -0.06783624505266854 0.003418392333664986 0.029737164421311409 0.03647549437106274 -0.056472525092983283 -0.014746395973724988 0.064881256486678113 -0.063132949084982862 0.049589776123167895 -0.076666665869127168 0.011301231787366492 0.067365500279977064 -0.017491662053562149 -0.05565582186040955 0.014689698505805157 0.059910089754602651 0.06087634854530119 0.033919650571864281 -0.065017888798241372 -0.059439855061171845 0.062042278673926782 0.0030874225722670682 0.0075765838464442129 0.060400642852298549 0.0052977701153873978
leaf_weight=100.10207476653159 927.64993184432387 182.44275186676532 73.340988357085735 29.463470324873924 38.30694917589426 14.449515063315632 27.107178036123514 147.85805079527199 14.888888660818337 54.821750650182366 76.205370515584946 8.1720443293452245 105.55146065540612 44.610870005562901 7.4155471567064506 12.554296266287567 1333.9336829707026 28.105674440041184 695.34973453730345 23.740202743560076 103.61635909043252 194.82604789361358 51.616729939356446 77.133245524019003 22.536865351721644 22.456129789352417 5.7908057346940041 4.2210549972951403 18.702231671661139 3.8634153306484214
leaf_count=365 12751 1560 131 119 317 209 177 491 71 580 503 9 1428 106 61 85 1488 94 9172 70 187 316 148 977 280 29 27 27 41 24
internal_value=-4.95994e-05 -0.0457689 0.0481392 0.0131393 -0.000997649 -0.0618273 0.0130318 -0.00103422 -0.0192892 0.00523665 0.0389954 -0.0639016 -0.0506203 0.00922153 0.0621648 0.00634644 0.0638438 0.0320763 -0.0645896 0.0197751 0.0483107 0.0549213 0.0661449 -0.0462563 -0.0256019 0.0385347 -0.0439399 -0.0612051 0.0416414 -0.052932
internal_weight=4450.83 2283.96 2166.87 620.47 603.222 1680.74 461.024 330.301 275.364 154.924 345.106 1631.17 120.44 120.816 1546.4 49.5695 1487 101.447 1623 59.4027 130.724 224.29 1385.55 142.198 60.8438 46.1963 13.2064 81.3543 31.2565 18.3129
internal_count=31843 26307 5536 3488 4016 22291 2415 2051 2444 945 1044 21932 1499 609 2048 359 1861 225 21923 187 364 435 1636 1601 597 99 88 1004 126 233
is_linear=0
shrinkage=0.05


Tree=7
num_leaves=29
num_cat=0
split_feature=52 46 45 7 2 22 36 52 30 38 46 24 6 19 2 53 42 25 40 31 2 29 24 5 31 32 40 27
split_gain=3303.89 677.749 287.166 213.803 165.785 149.203 107.453 91.9536 91.4006 78.7106 66.1154 65.6993 64.6924 49.4028 46.046 42.8329 39.8629 43.4647 38.003 34.7894 50.973 28.7082 21.2767 17.4317 16.9087 12.9484 8.83964 1.30363
threshold=0.84952831268310558 0.00070252153091132652 0.0025051285047084097 0.96901842951774608 0.11981283873319627 1.0000000180025095e-35 0.00043039042793679988 0.94618725776672374 0.0040310644544661054 0.0053900324273854503 0.00056478718761354696 0.070523668080568327 0.021201548166573051 0.02706745266914368 0.128637470304966 0.058454584330320365 0.96875000000000011 -3.8838443288113915e-05 0.27705544233322149 0.034772275015711791 0.12249197438359262 -0.12457648664712904 0.11834894493222238 0.0029863248346373443 -0.00039272299909498537 0.02007418125867844 0.27275286614894872 0.25300019979476934
decision_type=2 2 2 2 2 2 2 2 2 2 2 2 2 2 2 2 2 2 2 2 2 2 2 2 2 2 2 2
left_child=2 5 3 8 15 9 13 11 24 18 -8 -6 -9 -5 -11 26 19 25 -2 20 -4 -7 -19 -23 -1 -18 -3 -10
right_child=1 4 16 6 7 21 10 12 27 14 -12 -13 -14 -15 -16 -17 17 22 -20 -21 -22 23 -24 -25 -26 -27 -28 -29
leaf_value=0.028356342997142611 -0.063090124337902467 -0.066937127707296429 -0.067239963404652103 0.0090882345396939377 -0.066678600798236717 0.065049125163381169 -0.025503321443069434 -0.044287410523572469 -0.069367560489738259 -0.06660106323862211 0.045785591371700636 0.038366298486505253 0.01236369133200077 -0.058644822081567217 0.042632455441792921 0.061965171523315522 0.067001596718870279 0.012750412897179104 0.024184777881460024 0.063017462789107595 0.031349775293607149 0.028597004165466112 0.04988040775944641 -0.075255629632117516 0.062501029773541758 0.03699620251901975 -0.010039288754238922 -0.020992080808000822
leaf_weight=47.142306119203568 1548.488167041447 88.814798747189343 15.720410302747039 34.857203103601933 14.812872413545845 26.708446841686964 51.909372333437204 82.720233701169491 13.63924776017666 13.36072540655732 83.865930231288075 284.57491040136665 125.79971493221819 113.70387805067003 28.433131316676736 6.6563469767570487 1038.650856169872 53.101671636104584 12.093809012323616 52.805212326347828 59.953745298087597 7.7975527606904489 148.86097803339362 6.602730693295598 203.18992044590414 41.436131782829762 7.8066701777279368 2.7597409896552554
leaf_count=163 22390 1357 102 239 144 40 425 901 191 206 223 846 662 1384 122 7 1204 208 71 72 93 36 218 74 356 55 79 28
internal_value=-0.000186326 -0.0414619 0.047253 0.016607 0.0034893 -0.0581705 -0.0135441 0.0152523 0.0486787 -0.0605861 0.0185433 0.0329643 -0.010214 -0.042798 0.00697219 -0.0539514 0.0592056 0.0618785 -0.0623987 0.0322621 0.0102591 0.0351909 0.0402288 -0.0208155 0.0562093 0.0658858 -0.0624899 -0.062901
internal_weight=4216.27 2254.67 1961.6 551.068 611.186 1643.48 284.336 507.908 266.731 1602.38 135.775 299.388 208.52 148.561 41.7939 103.278 1410.53 1282.05 1560.58 128.479 75.6742 41.1087 201.963 14.4003 250.332 1080.09 96.6215 16.399
internal_count=31896 26935 4961 3009 3996 22939 2271 2553 738 22789 648 990 1563 1623 328 1443 1952 1685 22461 267 195 150 426 110 519 1259 1436 219
is_linear=0
shrinkage=0.05


Tree=8
num_leaves=27
num_cat=0
split_feature=45 52 52 7 0 32 6 17 5 30 6 24 0 24 2 46 37 32 19 52 24 30 37 19 32 3
split_gain=2869.87 659.806 310.49 192.242 129.069 117.495 88.9663 87.8257 83.3521 77.3662 72.2965 62.5618 60.2058 57.152 55.0861 43.2395 38.0979 36.1898 34.8261 33.4152 28.805 18.3847 16.2248 7.96628 7.49305 2.1602
threshold=0.0023345252266153698 0.85584416985511791 0.94570022821426403 0.96901842951774608 0.91543772816658031 0.0028798455605283384 0.097163978964090361 0.89166665077209484 0.0038731930544599895 0.0040916576981544503 0.43173274397850042 0.23638685792684558 0.36972527205944067 0.074961412698030486 0.13516777008771899 0.00094903481658548128 0.025323080830276016 0.0032487600110471253 0.0015148222446441653 0.8991525173187257 0.34744632244110113 0.004202695796266199 0.067676059901714339 0.07365772128105165 0.012422781437635423 -0.0035540101816877718
decision_type=2 2 2 2 2 2 2 2 2 2 2 2 2 2 2 2 2 2 2 2 2 2 2 2 2 2
left_child=1 3 4 9 8 15 19 11 16 20 14 -5 -8 -10 25 18 -2 -9 -3 -7 -1 -16 -17 -12 -6 -4
right_child=2 5 10 7 24 6 12 17 13 -11 23 -13 -14 -15 21 22 -18 -19 -20 -21 -22 -23 -24 -25 -26 -27
leaf_value=0.05624545466518726 0.040558033582433116 0.061366111944664216 -0.016117239015562737 0.034694926451494384 -0.070670240272116255 0.0038779572873926696 0.043314447170187648 -0.067818186932563473 -0.05716242515384147 -0.067285905869569437 0.016656447080804881 -0.028522371994613934 -0.034306251853774797 0.032988502722871828 0.018867129328460949 -0.028414966305574708 0.062936931216989109 -0.0017560820074731165 -0.061182889621116038 -0.060882711952304693 0.001070389083893848 -0.054291376581541907 0.038243420295446501 0.067030719594498522 0.0085475056760769656 -0.066757385179950654
leaf_weight=203.68380670435727 236.22966339811683 5.0686160326004019 2.9348191879689685 85.031945135444403 20.754526942968372 24.491740690544248 64.112825742922723 84.867711620405316 18.602697391994298 14.157829979434608 15.238786548376082 70.826148553751409 39.613470253534615 176.37000110186636 38.849490603432059 30.08370074024424 1166.7138369027525 27.400444734841585 1399.6566836121492 103.05563787277788 26.790291089564562 9.9493883512914163 11.960170783102511 17.335069919005036 3.2257991917431346 71.254736175760627
leaf_count=423 429 5 33 339 303 163 295 1296 202 213 66 642 421 421 159 297 1505 165 21462 1521 140 117 49 22 17 1098
internal_value=-0.000459083 -0.0387514 0.0467333 0.0108715 0.0532032 -0.0539121 -0.0207053 -0.0183447 0.05494 0.042838 -0.0206312 0.00596858 0.0136263 0.0241392 -0.0381452 -0.0592024 0.0592003 -0.0518528 -0.0606974 -0.0485139 0.0498642 0.00316048 -0.00900479 0.0446625 -0.0600984 -0.0649951
internal_weight=3968.26 2190.8 1777.46 512.758 1621.9 1678.04 231.274 268.126 1597.92 244.632 155.562 155.858 103.726 194.973 122.988 1446.77 1402.94 112.268 1404.73 127.547 230.474 48.7989 42.0439 32.5739 23.9803 74.1896
internal_count=31803 27431 4372 3218 2877 24213 2400 2442 2557 776 1495 981 716 623 1407 21813 1934 1461 21467 1684 563 276 346 88 320 1131
is_linear=0
shrinkage=0.05


end of trees

feature_importances:
optical_spin_confidence=21
radius_norm=20
distance_to_centroid_norm=20
history_std_global_similarity_residual_norm=15
history_mean_angular_velocity_norm=14
history_mean_global_similarity_residual_norm=12
x_norm=11
orientation_sin=11
history_mean_speed_norm=11
history_std_angular_velocity_norm=9
history_std_direction_score_norm=9
speed_norm=8
history_std_translation_residual_norm=8
is_current_target=7
history_mean_translation_residual_norm=7
orientation_cos=6
speed_minus_peer_median_norm=6
history_mean_direction_score_norm=6
history_std_speed_norm=6
appearance_distance=4
appearance_peer_z=4
optical_spin_abs_norm=4
y_norm=3
vx_norm=3
history_length_norm=3
global_similarity_residual_norm=3
angular_velocity_norm=2
visible_streak_norm=2
rotation_score_peer_z=2
direction_score_peer_z=2
global_similarity_residual_peer_z=2
direction_score_norm=1
association_quality=1
optical_spin_evidence=1
multilag_spin_confidence=1

parameters:
[boosting: gbdt]
[objective: lambdarank]
[metric: ndcg]
[tree_learner: serial]
[device_type: cpu]
[data_sample_strategy: bagging]
[data: ]
[valid: ]
[num_iterations: 200]
[learning_rate: 0.05]
[num_leaves: 31]
[num_threads: 0]
[seed: 20260911]
[deterministic: 0]
[force_col_wise: 0]
[force_row_wise: 0]
[histogram_pool_size: -1]
[max_depth: 5]
[min_data_in_leaf: 40]
[min_sum_hessian_in_leaf: 0.001]
[bagging_fraction: 0.8]
[pos_bagging_fraction: 1]
[neg_bagging_fraction: 1]
[bagging_freq: 1]
[bagging_seed: 22173]
[bagging_by_query: 0]
[feature_fraction: 0.85]
[feature_fraction_bynode: 1]
[feature_fraction_seed: 8630]
[extra_trees: 0]
[extra_seed: 5152]
[early_stopping_round: 0]
[early_stopping_min_delta: 0]
[first_metric_only: 0]
[max_delta_step: 0]
[lambda_l1: 0]
[lambda_l2: 1]
[linear_lambda: 0]
[min_gain_to_split: 0]
[drop_rate: 0.1]
[max_drop: 50]
[skip_drop: 0.5]
[xgboost_dart_mode: 0]
[uniform_drop: 0]
[drop_seed: 25851]
[top_rate: 0.2]
[other_rate: 0.1]
[min_data_per_group: 100]
[max_cat_threshold: 32]
[cat_l2: 10]
[cat_smooth: 10]
[max_cat_to_onehot: 4]
[top_k: 20]
[monotone_constraints: ]
[monotone_constraints_method: basic]
[monotone_penalty: 0]
[feature_contri: ]
[forcedsplits_filename: ]
[refit_decay_rate: 0.9]
[cegb_tradeoff: 1]
[cegb_penalty_split: 0]
[cegb_penalty_feature_lazy: ]
[cegb_penalty_feature_coupled: ]
[path_smooth: 0]
[interaction_constraints: ]
[verbosity: -1]
[saved_feature_importance_type: 0]
[use_quantized_grad: 0]
[num_grad_quant_bins: 4]
[quant_train_renew_leaf: 0]
[stochastic_rounding: 1]
[linear_tree: 0]
[max_bin: 255]
[max_bin_by_feature: ]
[min_data_in_bin: 3]
[bin_construct_sample_cnt: 200000]
[data_random_seed: 5056]
[is_enable_sparse: 1]
[enable_bundle: 1]
[use_missing: 1]
[zero_as_missing: 0]
[feature_pre_filter: 1]
[pre_partition: 0]
[two_round: 0]
[header: 0]
[label_column: ]
[weight_column: ]
[group_column: ]
[ignore_column: ]
[categorical_feature: ]
[forcedbins_filename: ]
[precise_float_parser: 0]
[parser_config_file: ]
[objective_seed: 11763]
[num_class: 1]
[is_unbalance: 0]
[scale_pos_weight: 1]
[sigmoid: 1]
[boost_from_average: 1]
[reg_sqrt: 0]
[alpha: 0.9]
[fair_c: 1]
[poisson_max_delta_step: 0.7]
[tweedie_variance_power: 1.5]
[lambdarank_truncation_level: 30]
[lambdarank_norm: 1]
[label_gain: ]
[lambdarank_position_bias_regularization: 0]
[eval_at: 1]
[multi_error_top_k: 1]
[auc_mu_weights: ]
[num_machines: 1]
[local_listen_port: 12400]
[time_out: 120]
[machine_list_filename: ]
[machines: ]
[gpu_platform_id: -1]
[gpu_device_id: -1]
[gpu_use_dp: 0]
[num_gpu: 1]

end of parameters

pandas_categorical:null
