tree
version=v4
num_class=1
num_tree_per_iteration=1
label_index=0
max_feature_idx=52
objective=lambdarank
feature_names=x_norm y_norm radius_norm vx_norm vy_norm speed_norm orientation_sin orientation_cos orientation_known angular_velocity_norm translation_residual_norm rotation_residual_norm rotation_score_norm direction_score_norm speed_score_norm rigidity_score_norm motion_reliability visible_streak_norm lost_frames_norm appearance_distance association_quality yolo_confidence is_current_target bg_certified distance_to_centroid_norm speed_minus_peer_median_norm rotation_score_peer_z direction_score_peer_z rigidity_score_peer_z appearance_peer_z history_mean_speed_norm history_mean_angular_velocity_norm history_mean_translation_residual_norm history_mean_rotation_score_norm history_mean_direction_score_norm history_mean_appearance_distance history_std_speed_norm history_std_angular_velocity_norm history_std_translation_residual_norm history_std_rotation_score_norm history_std_direction_score_norm history_std_appearance_distance history_length_norm global_similarity_residual_norm global_similarity_residual_peer_z history_mean_global_similarity_residual_norm history_std_global_similarity_residual_norm optical_spin_abs_norm optical_spin_confidence optical_spin_evidence multilag_spin_abs_norm multilag_spin_confidence multilag_spin_consistency
feature_infos=[0.023437527939677238:0.97688722610473633] [0.034432891756296158:0.96392875909805298] [0.053096525371074677:0.1973479837179184] [-0.0080459257587790489:0.009354742243885994] [-0.0070236730389297009:0.0059997495263814926] [1.6123552768476657e-06:0.0093742832541465759] [-0.99997174739837646:0.99999529123306274] [-0.99999368190765381:1] none [-0.54599446058273315:0.55592876672744751] [0:0.092281647026538849] none [0:0.072172954678535461] [0:0.99946087598800659] [0:0.11707045137882233] [0:0.0078225545585155487] [0:0.99996823072433472] [0.033333331346511841:1] none [0.00012260675430297852:2] [0.00039127969648689032:0.99996823072433472] [0:0.99794524908065796] [0:1] none [0.00074696843512356281:0.48266205191612244] [-0.0052215233445167542:0.0059342398308217525] [-1.4680711030960083:4.1000180244445801] [-2.1915533542633057:4.0590243339538574] [-0.9187544584274292:4.2065086364746094] [-3.0406723022460938:3.4346854686737061] [8.0617763842383283e-07:0.0079342853277921677] [-0.28176912665367126:0.4193059504032135] [0:0.14316053688526154] [0:0.072172954678535461] [0:0.90268337726593018] [3.9807386201573536e-05:2] [8.0617763842383283e-07:0.0031374881509691477] [0:0.28885024785995483] [0:0.085645973682403564] [0:0.033846057951450348] [0:0.49838733673095703] [0:0.99925148487091064] [0.125:1] [1.0974699762300588e-05:0.027237510308623314] [-4.4384894371032715:8] [0.00016147420683410019:0.024980045855045319] [0:0.03927256166934967] [0:0.29078683257102966] [0:1] [0:0.16223746538162231] [0:0.77272725105285645] [0:0.82690662145614624] [0:1]
tree_sizes=2620 3152 3470 3274 2712 3477 3163 3133

Tree=0
num_leaves=23
num_cat=0
split_feature=45 22 48 31 0 38 24 30 48 24 38 3 46 2 2 0 36 48 31 1 6 26
split_gain=4165.76 756.315 384.296 295.455 174.236 136.257 120.149 71.1852 48.2479 46.8592 46.4507 45.2443 42.5477 39.3329 34.7181 25.0998 14.8908 13.3046 13.7334 5.51855 3.13662 2.11234
threshold=0.0021135548595339064 1.0000000180025095e-35 0.96638417243957531 0.034772275015711791 0.91543772816658031 0.0036782399984076623 0.29984101653099066 0.0040589666459709415 0.8760964870452882 0.070523668080568327 0.0061127783264964828 0.0022594243055209522 0.00064322515390813362 0.10362220555543901 0.11981283873319627 0.15678255259990695 0.0013724858290515842 0.8981321156024934 0.0011097434908151629 0.30242420732975012 0.065936584025621428 -0.4919417649507522
decision_type=2 2 2 2 2 2 2 2 2 2 2 2 2 2 2 2 2 2 2 2 2 2
left_child=1 3 4 5 7 12 11 13 -7 -9 -8 -5 -1 -2 -4 20 -6 -3 21 -17 -16 -19
right_child=2 17 14 6 16 8 10 9 -10 -11 -12 -13 -14 -15 15 19 -18 18 -20 -21 -22 -23
leaf_value=-0.094099701216015574 0.0040903658273488781 0.095582653757122701 -0.096215066484698575 0.065465931676032166 -0.093238484672681365 0.046721592463605799 -0.082442189933648005 -0.071443391189010969 -0.048622266459132209 0.053147202113751346 0.05771480395904599 -0.06827960173737678 -0.054697236827530527 0.094822234404932149 0.0090493874690585566 0.0014321970627783555 0.055139810101481515 0.0036587129261512422 0.066039283523148501 -0.069252337157528696 0.070036086623683005 -0.065925043946807413
leaf_weight=791.51396267069504 12.224498188355936 62.948595946421847 25.420543345273472 52.444175300421193 13.789584162586831 22.601608630502596 34.894110510824248 8.0010074125602824 29.335884558036923 48.788932425668463 6.3356654673116273 6.350069894688203 80.360664528911002 777.65966040303465 3.5948882431257534 3.5812254162738091 1.2496423353441066 1.5766255555208766 9.0078038333449495 10.500620940467341 5.5766504155471921 1.9347066462505607
leaf_count=21584 209 146 1060 323 554 225 1247 206 733 374 51 130 2043 2316 68 99 4 27 56 329 29 59
internal_value=-0.000268927 -0.0657523 0.0787884 -0.0770238 0.0865137 -0.0858529 0.00456426 0.089529 -0.00703272 0.0346614 -0.060048 0.0501204 -0.0905348 0.093425 -0.0569666 -0.0118623 -0.0782403 0.0861702 0.0352733 -0.0523731 0.0493715 -0.0407958
internal_weight=2009.69 1099.3 910.387 1023.84 861.713 923.812 100.024 846.674 51.9375 56.7899 41.2298 58.7942 871.875 789.884 48.6739 23.2534 15.0392 75.4677 12.5191 14.0818 9.17154 3.51133
internal_count=31872 26624 5248 26336 3663 24585 1751 3105 958 580 1298 453 23627 2525 1585 525 558 288 142 428 97 86
is_linear=0
shrinkage=0.05


Tree=1
num_leaves=28
num_cat=0
split_feature=48 46 5 2 36 25 45 7 46 34 47 47 46 24 6 38 29 42 35 9 31 12 6 51 7 25 7
split_gain=10094.8 1878.86 737.615 588.372 504.348 369.028 207.258 234.293 222.538 205.556 203.468 185.12 169.275 145.309 144.526 118.705 92.4971 66.3958 61.3418 45.4181 44.3226 38.2742 35.9712 32.3066 20.7572 19.1548 6.07728
threshold=0.82478070259094249 0.00069360100314952444 0.0038731930544599895 0.12171111628413202 0.00045954163942951714 -0.00068745922180823971 0.0025051285047084097 0.96977725625038158 0.00059112763847224425 0.25069467723369604 0.06480391696095468 0.06480391696095468 0.0024973539402708416 0.087388560175895705 0.031863288953900344 0.0058516415301710376 -0.37166315317153925 0.53125000000000011 0.038832396268844611 -0.071600627154111848 0.01460499642416835 0.00404817401431501 0.41632828116416937 0.13529739528894427 0.72937968373298656 -0.0010021238122135399 0.99256530404090892
decision_type=2 2 2 2 2 2 2 2 2 2 2 2 2 2 2 2 2 2 2 2 2 2 2 2 2 2 2
left_child=2 9 6 10 19 14 7 20 -9 11 24 15 -7 26 -5 -2 -11 18 -8 -4 -1 -21 -18 -15 -3 -19 -6
right_child=1 3 4 5 13 12 17 8 -10 16 -12 -13 -14 23 -16 -17 22 25 -20 21 -22 -23 -24 -25 -26 -27 -28
leaf_value=0.043695029208505938 -0.083590643991215449 -0.013875314976950874 0.015540297659531913 0.010002832446404914 -0.034317638382253879 -0.032170313991902968 0.076744492610124518 -0.052328206952791945 0.05149166840591074 0.062517913458207161 0.08743897683419917 0.08744763806507877 0.030967284910521916 0.071029942224838327 0.06985201267290643 -0.011603017381422305 -0.089951441565798429 0.091172240250697353 -0.0040746853014901061 -0.089235608747887496 0.087273993793966401 0.037711284131577663 0.028633275821356372 0.017561513102940969 -0.087292967289263071 0.078157263404040167 -0.091225524512699288
leaf_weight=79.176836770027876 2402.7073271832196 10.504773315042256 12.596872162073849 156.35576420743018 9.8571752756834048 360.5413793628104 59.491931457072496 84.194859576178715 130.02443931414746 35.650975674390793 17.921392917633057 15.480164915323256 149.38148709386587 166.32121797278523 285.21019351948053 59.020458627492189 20.723308535292748 1512.4043445847929 38.213094934355468 116.33703537192196 262.76213645190001 5.7264195941388598 8.4972615167498571 34.938151571899652 217.98861542111263 419.06745358929038 12.957756418734787
leaf_count=176 23025 33 37 430 34 1731 54 581 259 68 12 11 234 189 326 288 189 1055 81 912 239 17 13 46 1538 319 49
internal_value=0.000354199 -0.0541575 0.0695978 -0.00252644 0.00240279 0.0153203 0.078917 0.0517115 0.0106337 -0.0784771 -0.0712218 -0.0807772 -0.0136498 0.0482954 0.0487303 -0.0818701 0.00924887 0.0863444 0.0454145 -0.0737554 0.07734 -0.083022 -0.0556609 0.0618807 -0.0839928 0.0883903 -0.0691119
internal_weight=6684.05 3739.98 2944.07 1197.9 358.735 951.489 2585.34 556.158 214.219 2542.08 246.415 2477.21 509.923 224.074 441.566 2461.73 64.8715 2029.18 97.705 134.66 341.939 122.063 29.2206 201.259 228.493 1931.47 22.8149
internal_count=31946 27898 4048 4304 1284 2721 2764 1255 840 23594 1583 23324 1965 318 756 23313 270 1509 135 966 415 929 202 235 1571 1374 83
is_linear=0
shrinkage=0.05


Tree=2
num_leaves=31
num_cat=0
split_feature=48 46 45 7 22 2 38 40 5 48 36 24 5 24 6 31 25 30 24 6 6 2 29 5 24 42 3 46 31 2
split_gain=7709.67 1116.5 989.966 495.174 292.15 284.636 281.717 168.529 160.85 133.174 121.106 95.1225 91.7687 100.035 86.252 71.2032 66.645 64.8751 63.7815 88.8688 48.0396 46.8242 41.8272 46.1648 35.9064 34.1348 25.2885 18.6679 16.2143 8.66268
threshold=0.8760964870452882 0.000852889963425696 0.0023345252266153698 0.9165293574333192 1.0000000180025095e-35 0.12147369608283044 0.0022096738684922461 0.26409988105297094 0.0031198643846437339 0.96521475911140453 0.00039465933514293289 0.09130414575338365 0.0040494154673069724 0.09734793379902841 0.021201548166573051 0.038881113752722747 2.5999849640356846e-05 0.0039410335011780271 0.37962952256202703 0.41632828116416937 0.0044717714190483102 0.1756609529256821 -0.12457648664712904 0.0030767053831368689 0.20414112508296969 0.96875000000000011 -0.0012378649553284047 0.0024973539402708416 0.013558790553361179 0.11560932546854021
decision_type=2 2 2 2 2 2 2 2 2 2 2 2 2 2 2 2 2 2 2 2 2 2 2 2 2 2 2 2 2 2
left_child=2 4 3 16 7 24 8 15 -5 11 -8 -7 18 21 -11 -2 28 -18 25 -20 -9 -14 -6 -24 26 -4 -3 -15 -1 -26
right_child=1 5 12 6 22 9 10 20 -10 14 -12 -13 13 27 -16 -17 17 -19 19 -21 -22 -23 23 -25 29 -27 -28 -29 -30 -31
leaf_value=0.046853250413464456 -0.07996397690713479 0.057168846573415838 0.057391586603750801 -0.0068570295182761413 0.081481060091215543 -0.052895668615855762 -0.024517399709516895 -0.078199918745136002 -0.072337661682285198 -0.061573534773522301 0.063821032203864911 0.048394155549705303 -0.087795376033034736 0.022561190378348764 0.013754584626676581 -0.044500952429385558 0.04525159094471011 -0.08245048094646644 -0.063451313703787593 0.07886467558402703 0.054990755068724417 0.04575255033282713 0.047493405294682517 -0.086027344733644096 -0.086000896986280745 0.081417202487400836 -0.057253690544116269 0.065621434276843083 0.082483455296976371 -0.042053643975625776
leaf_weight=44.268975041806698 2079.0410465847235 8.5773777179420012 173.51944870967418 178.27021056972444 28.833395859226584 24.385057562962174 56.793567173182964 7.6568730138242236 197.43555233441293 61.630111064761877 118.51516918092966 288.26097287610173 19.163868894800547 33.661016263067722 95.921150110661983 156.38820137828588 36.184261713176966 12.590921264141796 18.522013964131474 24.111176170408726 30.940702179446816 8.9752759858965856 15.240760162472727 9.7698652092367393 78.145410926546901 1752.5591980554163 8.739265423268078 118.51599843800068 185.9521126896143 16.597837697714567
leaf_count=92 21453 21 231 1068 32 140 290 84 1913 484 192 606 169 75 356 1365 93 119 151 22 80 12 42 83 824 1450 77 137 164 137
internal_value=0.000368013 -0.0575039 0.0569016 0.0105059 -0.0729869 0.00441627 -0.0169796 -0.0757146 -0.0413682 0.0215038 0.0352259 0.0403505 0.0748076 0.0403213 -0.0159144 -0.077504 0.0646563 0.0112922 0.0779442 0.0169982 0.0272612 -0.0450906 0.0414937 -0.00596579 -0.0668381 0.0792837 -0.000550387 0.0563061 0.0758644 -0.0788215
internal_weight=5889.17 2910.13 2979.04 830.011 2327.87 582.257 551.014 2274.03 375.706 470.197 175.309 312.646 2149.03 180.316 157.551 2235.43 278.996 48.7752 1968.71 42.6332 38.5976 28.1391 53.844 25.0106 112.06 1926.08 17.3166 152.177 230.221 94.7432
internal_count=31962 25784 6178 3931 23139 2645 3463 22982 2981 1586 482 746 2247 393 840 22818 468 212 1854 173 164 181 157 125 1059 1681 98 212 256 961
is_linear=0
shrinkage=0.05


Tree=3
num_leaves=29
num_cat=0
split_feature=48 46 45 25 48 2 22 32 30 0 2 38 5 24 46 38 36 6 2 0 46 7 48 9 34 27 33 3
split_gain=6359.94 899.469 744.557 403.221 239.862 212.687 159.919 125.591 110.876 108.031 98.7783 96.7787 90.7451 76.926 100.463 75.6196 68.5822 64.6147 56.7389 60.6019 51.0079 38.781 36.8898 27.4024 25.2199 17.6778 13.748 9.86383
threshold=0.8760964870452882 0.00070252153091132652 0.0021746008424088363 4.1182735003530986e-05 0.96638417243957531 0.1087399832904339 1.0000000180025095e-35 0.0020018692594021563 0.0044700899161398419 0.90363702178001415 0.11377789080142976 0.003034093882888556 0.0038004873786121611 0.20119843631982806 0.00071218714583665143 0.0053900324273854503 0.00054183386964723479 0.0044717714190483102 0.11981283873319627 0.098002083599567427 0.0031895126448944215 0.98529756069183361 0.93405798077583324 0.0078007015399634847 0.19473655521869662 0.65841889381408703 0.012792968656867744 -0.0040247542783617965
decision_type=2 2 2 2 2 2 2 2 2 2 2 2 2 2 2 2 2 2 2 2 2 2 2 2 2 2 2 2
left_child=2 6 3 5 8 26 11 -7 10 12 -3 22 21 25 -15 -11 -14 -13 27 -20 -10 -4 -2 24 -8 -5 -1 -6
right_child=1 4 9 13 18 7 23 -9 20 15 -12 17 16 14 -16 -17 -18 -19 19 -21 -22 -23 -24 -25 -26 -27 -28 -29
leaf_value=-0.084281001278294007 -0.060268331105915278 -0.064134503626197117 0.078663944981283235 -0.083088180922296639 -0.0091707802526066647 0.0075304680631865005 -0.082511891989772296 0.063099910081241065 -0.085770471640461851 -0.082300355512315931 0.037580143561597369 -0.074238452978503192 -0.014034366395977639 -0.053191599623506086 0.06301198949895552 0.063270497295426192 0.053635388217565666 0.014402880965095172 0.038349368747032 -0.038786608912889514 0.031538385556272891 0.062489577872469441 -0.078990246152759666 0.062690140386188975 0.045000382121633535 -0.021177969537226574 0.012311643822615466 -0.080294489421308401
leaf_weight=36.908195046707988 339.73538530059159 24.855929430574179 1237.5500494204462 107.05628450401127 5.4980060979723921 159.36375919729471 7.3463709801435453 281.36445863172412 31.847262926399708 19.430808214470744 325.17954721022397 32.946630330756307 46.453609653748572 52.559472007676959 27.524198495782912 14.889302112162111 184.58511446230114 51.476252377033234 30.244054332375526 139.70598691515625 12.300405062735079 571.00101812556386 1552.3610472762957 23.390381809324026 6.3622718714177608 13.822528563439844 3.8181786313652983 76.172240127809346
leaf_count=423 3570 277 1075 1163 46 924 65 497 317 220 885 390 228 549 57 20 295 271 99 1116 31 657 17718 40 18 99 16 913
internal_value=0.000219395 -0.054932 0.0534324 0.00811438 -0.00357705 0.032934 -0.0713925 0.043069 0.0207543 0.0683332 0.0301953 -0.0733243 0.0698138 -0.0512157 -0.0129687 -0.0191432 0.0400276 -0.0206541 -0.0416254 -0.0249156 -0.0531113 0.0735947 -0.0756622 0.0307532 -0.0242966 -0.0762406 -0.0751472 -0.0756753
internal_weight=5415.75 2659.42 2756.33 682.417 645.803 481.455 2013.62 440.728 394.183 2073.91 350.035 1976.52 2039.59 200.962 80.0837 34.3201 231.039 84.4229 251.62 169.95 44.1477 1808.55 1892.1 37.099 13.7086 120.879 40.7264 81.6702
internal_count=31979 25756 6223 3728 3684 1860 22072 1421 1510 2495 1162 21949 2255 1868 606 240 523 661 2174 1215 348 1732 21288 123 83 1262 439 959
is_linear=0
shrinkage=0.05


Tree=4
num_leaves=24
num_cat=0
split_feature=48 45 46 22 38 2 40 37 0 22 25 3 24 6 0 40 42 0 48 36 6 26 29
split_gain=5148.58 821.954 629.101 397.873 237.03 158.67 155.977 131.065 127.861 95.5552 85.2774 76.7856 70.1106 59.2659 55.6991 54.998 52.1837 48.8997 38.228 20.0588 8.7846 3.41486 0.429638
threshold=0.89528506994247448 0.0021746008424088363 0.0011697105946950617 1.0000000180025095e-35 0.0022927459795027976 0.11981283873319627 0.29660856723785406 0.032723335549235351 0.9121922254562379 1.0000000180025095e-35 -3.8838443288113915e-05 0.0030560600571334366 0.11082521826028825 0.4014939963817597 0.41136083006858831 0.22040656954050067 0.90625000000000011 0.52781984210014354 0.96638417243957531 0.0011786453542299571 0.11998001113533975 2.6744675636291508 -0.26034989953041071
decision_type=2 2 2 2 2 2 2 2 2 2 2 2 2 2 2 2 2 2 2 2 2 2 2
left_child=1 3 6 4 7 21 9 -1 10 13 16 18 -6 -2 -12 -10 -3 -11 -7 -13 -8 -4 -5
right_child=2 8 5 22 12 11 20 -9 15 17 14 19 -14 -15 -16 -17 -18 -19 -20 -21 -22 -23 -24
leaf_value=-0.062483708541789307 -0.070510978589291881 0.041023019006679186 -0.076467702050070793 0.077889797679968995 -0.043213694679502049 0.048094669525519801 0.015590190162636124 -0.0035279144723865405 -0.07831906793278659 0.052340449131393789 0.062639456808937247 -0.072957987759774648 0.046157304864439599 -0.032463462058134183 0.021311099030054525 0.06546193559809399 0.072675460289307811 -0.067363470413361284 0.001822542771868304 0.01978105897703997 0.070039695955323708 -0.016768287569692671 0.063331021521566902
leaf_weight=241.35095380432904 1830.9132130034268 147.79728013370186 43.116740897297859 101.909727871418 25.276125724427402 173.0793815497309 14.258155470713975 154.48885850980878 21.896601026877764 24.740604769438505 160.1874112393707 21.342520628124479 136.97564516216516 111.0336592271924 168.14647129178047 8.5038984492421132 1463.648468406871 11.786730365827678 60.136099386960268 7.3970962129533282 16.248057186603546 3.2183093912899485 42.867301814258099
leaf_count=2738 21938 259 546 97 204 358 76 1054 265 54 209 192 323 1044 454 14 1422 98 330 27 24 27 56
internal_value=-0.000377835 0.0469003 -0.0549115 0.000476419 -0.0187061 0.0115604 -0.0651126 -0.0395412 0.0634536 -0.0668466 0.0650509 0.0266956 0.0320554 -0.0683534 0.0416033 -0.0372955 0.0697996 0.0129483 0.0362218 -0.049226 0.0458934 -0.072763 0.0740431
internal_weight=4990.32 2673.05 2317.27 702.869 558.092 308.29 2008.98 395.84 1970.18 1978.47 1939.78 261.955 162.252 1941.95 328.334 30.4005 1611.45 36.5273 233.215 28.7396 30.5062 46.3351 144.777
internal_count=31809 7095 24714 4472 4319 1480 23234 3792 2623 23134 2344 907 527 22982 663 279 1681 152 688 219 100 573 153
is_linear=0
shrinkage=0.05


Tree=5
num_leaves=31
num_cat=0
split_feature=48 45 46 7 38 2 6 48 22 5 46 24 36 5 40 2 9 5 51 0 37 0 33 29 3 0 24 24 3 48
split_gain=4458.07 689.821 525.622 348.41 209.536 174.615 113.214 109.283 108.697 89.9228 85.0401 66.4471 64.7201 64.1038 63.2517 59.1581 85.2765 51.419 45.8154 38.2935 34.7616 24.2399 24.2349 21.1605 18.7664 17.7506 14.8956 14.3288 11.0038 3.05752
threshold=0.89699381589889537 0.0023345252266153698 0.00071218714583665143 0.9165293574333192 0.0022927459795027976 0.12046078965067865 0.021201548166573051 0.64218327403068554 1.0000000180025095e-35 0.0039459539111703643 0.0024973539402708416 0.079630140215158476 0.00054183386964723479 0.0023161823628470306 0.26409988105297094 0.10669768974184991 0.11281453445553781 0.0039751005824655303 0.087646827101707472 0.29888693988323217 0.0037545355735346679 0.34646518528461462 0.00091687115491367887 -0.12457648664712904 3.639802162069828e-05 0.40783654153347021 0.20414112508296969 0.33672602474689489 -0.0006892025121487676 0.90430402755737316
decision_type=2 2 2 2 2 2 2 2 2 2 2 2 2 2 2 2 2 2 2 2 2 2 2 2 2 2 2 2 2 2
left_child=1 3 8 17 7 26 10 -5 14 15 -7 -6 19 -8 21 16 -3 27 -14 -11 -17 -2 -19 -10 -16 -25 28 -1 -4 -28
right_child=2 9 5 4 11 6 13 -9 23 12 -12 -13 18 -15 24 20 -18 22 -20 -21 -22 -23 -24 25 -26 -27 29 -29 -30 -31
leaf_value=0.066008280569511482 -0.060860202954622793 -0.082838264214107615 0.036762958950948499 0.047746841987022656 -0.06776158080073065 -0.048775634050675282 0.060158671098721077 -0.048839903102727428 0.065854839586416122 0.048434247556811916 0.037787285084616429 0.03916600935655911 0.055794119336378428 0.0074718169304670377 -0.046425306998109435 0.03195913973240052 0.061661586056582229 -0.070970693529615575 -0.0077655581019564482 -0.074937796037027743 0.068124383706485797 -0.073900612282296121 0.031697291286551417 0.044121683054287507 0.048601461180873877 -0.058903187145007009 -0.01530522762802403 0.02553947666057324 -0.060621388538310186 -0.073743429498113119
leaf_weight=191.18648252636194 614.07674666400999 15.735167225822805 5.6320444848388433 31.388302067294717 15.231876403093336 107.19194447156042 99.393853832036257 324.69055741745979 15.434567861258985 8.0474915429949778 37.625130917876959 144.23247335851192 117.23875930905342 136.63904888462275 6.9219350293278721 72.222714623436332 25.196238240227103 10.382731504738333 36.999779690057039 20.772763885557652 1502.3107162481174 1023.830884505529 10.755260415375231 6.3977707102894774 14.357531812041996 8.7249737195670587 2.9082210361957541 26.620397602207959 4.1683748476207239 86.416510608047247
leaf_count=289 7674 132 24 98 156 1032 167 3585 19 15 98 398 173 735 78 105 42 133 106 190 1667 13494 44 17 50 79 28 95 60 1193
internal_value=-0.000424724 0.0443514 -0.0531069 0.00421463 -0.018918 -0.00691372 0.0085122 -0.0402159 -0.0662163 0.0611772 -0.0261807 0.0285938 0.027755 0.0298185 -0.0679386 0.064945 0.00546105 0.0539961 0.0405952 -0.0400196 0.0664868 -0.0690517 -0.0196599 0.0264872 0.0169941 -0.0152846 -0.0656749 0.0612015 -0.00643498 -0.0720313
internal_weight=4722.73 2553.01 2169.72 754.488 515.543 479.975 380.85 356.079 1689.74 1798.52 144.817 159.464 183.059 236.033 1659.19 1615.46 40.9314 238.945 154.239 28.8203 1574.53 1637.91 21.138 30.5573 21.2795 15.1227 99.1252 217.807 9.80042 89.3247
internal_count=31976 7228 24748 4798 4237 3337 2032 3683 21411 2430 1130 554 484 902 21296 1946 174 561 279 205 1772 21168 177 115 128 96 1305 384 84 1221
is_linear=0
shrinkage=0.05


Tree=6
num_leaves=28
num_cat=0
split_feature=48 46 45 22 46 48 22 36 0 6 45 40 0 48 24 2 35 2 29 44 2 37 6 0 16 3 29
split_gain=3865.23 653.422 408.907 257.319 152.468 148.907 142.532 105.343 103.283 96.6082 96.6259 52.8836 49.5706 43.9647 42.859 64.9502 47.6817 31.8898 28.9728 17.8242 25.0809 17.1419 16.007 15.5008 11.3825 8.71495 2.53544
threshold=0.86402156949043285 0.00068412206019274901 0.0026059532538056378 1.0000000180025095e-35 0.00045468582538887864 0.99166667461395275 1.0000000180025095e-35 0.00039865358849056071 0.36320692300796514 0.063681773841381087 0.0033727566478773956 0.26797817647457128 0.37640704214572912 0.728990137577057 0.12247536703944208 0.12122971192002298 0.035930125042796142 0.14243055880069735 -0.18936359137296674 3.2514079809188847 0.12046078965067865 0.0079984473995864409 0.033693840727210052 0.42171847820281988 1.0000000180025095e-35 -0.0028643183177337046 -0.17830745875835416
decision_type=2 2 2 2 2 2 2 2 2 2 2 2 2 2 2 2 2 2 2 2 2 2 2 2 2 2 2
left_child=2 6 3 4 8 9 11 -6 -1 10 -3 17 -11 21 16 -16 -15 -2 -8 25 -21 -4 -13 -20 -23 -7 -5
right_child=1 5 13 26 7 19 18 -9 -10 12 -12 22 -14 14 15 -17 -18 -19 23 20 -22 24 -24 -25 -26 -27 -28
leaf_value=0.0030598474715400627 -0.071280301619464734 -0.035831906700047961 0.038192549466697701 0.07093904151455728 -0.017251174933094898 -0.019975764615986116 0.064894171835105735 0.041158649485542952 -0.073673703068206933 0.052528718939648722 0.032753527377036358 -0.043785668037269111 0.0059976575889168389 0.050113773667347816 -0.0041102546655088423 0.063054350606843237 -0.024942881045357773 -0.056699051205148315 0.024375534977027113 -0.065246414169116404 0.023578316991473305 0.032556796596964761 0.048454795092124962 -0.074511065077003488 0.069691949669504302 -0.061595759843577763 0.052281117284706594
leaf_weight=76.989879546687007 923.55760720791295 141.93472416000441 52.062679030001163 133.8729552179575 130.44673440884799 15.960898812860249 24.242564234882593 186.52509963326156 100.65193099156022 146.7109290137887 79.214580310508609 6.1946059186011579 93.913207717239857 45.219677034765482 40.249988740310073 330.27488761395216 38.177304087206721 688.30169327137992 7.598565533757208 12.287536105141045 18.89071150124073 23.671968854963779 12.883609754964708 6.5310588460415602 984.57684732973576 92.325768297538161 39.31946087628603
leaf_count=536 12880 1268 75 147 1015 161 32 555 1272 355 264 75 528 83 161 395 144 9162 27 181 92 33 41 74 1068 1167 52
internal_value=-0.000121727 -0.0457804 0.0473882 0.0147665 -0.00363139 -0.00108137 -0.0618695 0.017142 -0.0405865 0.0126066 -0.0112281 -0.0641126 0.0344681 0.0617558 0.0484871 0.0557669 0.0158661 -0.0650928 0.0326764 -0.0461699 -0.0123678 0.0673851 0.0178157 -0.023236 0.0688532 -0.0557001 0.0670276
internal_weight=4452.59 2270.55 2182.04 667.806 494.614 601.238 1669.31 316.972 177.642 461.773 221.149 1630.94 240.624 1514.23 453.922 370.525 83.397 1611.86 38.3722 139.465 31.1782 1060.31 19.0782 14.1296 1008.25 108.287 173.192
internal_count=31843 26307 5536 3577 3378 4016 22291 1570 1808 2415 1532 22158 883 1959 783 556 227 22042 133 1601 273 1176 116 101 1101 1328 199
is_linear=0
shrinkage=0.05


Tree=7
num_leaves=28
num_cat=0
split_feature=48 45 44 2 31 31 24 0 0 2 22 31 6 25 24 0 24 42 40 2 24 40 2 45 0 5 6
split_gain=3286.21 631.725 297.038 203.464 166.507 149.746 100.438 82.692 81.583 73.9915 73.2933 56.9551 55.6442 55.231 62.8346 52.2042 46.9948 45.3706 40.62 40.1792 39.3405 38.9289 37.044 35.055 29.4655 8.62238 4.27344
threshold=0.84952831268310558 0.0023056266363710169 1.0564840435981753 0.11981283873319627 0.042120410129427917 0.034772275015711791 0.36609348654747015 0.4041780829429627 0.90149918198585521 0.12973552942276004 1.0000000180025095e-35 0.20725982636213305 -0.45121741294860834 -3.8838443288113915e-05 0.11834894493222238 0.40040524303913122 0.18822446465492251 0.84375000000000011 0.22040656954050067 0.128637470304966 0.32727763056755071 0.14898503571748736 0.13086953014135363 0.0038653422379866247 0.70548158884048473 0.003003863501362503 0.17562682926654818
decision_type=2 2 2 2 2 2 2 2 2 2 2 2 2 2 2 2 2 2 2 2 2 2 2 2 2 2 2
left_child=2 4 5 11 10 7 19 9 13 -1 15 26 -9 17 -15 -2 23 -4 -10 -6 25 -22 -18 -5 -12 -7 -3
right_child=1 3 8 16 6 20 -8 12 18 -11 24 -13 -14 14 -16 -17 22 -19 -20 -21 21 -23 -24 -25 -26 -27 -28
leaf_value=-0.042010513054143883 -0.050393083567666766 -0.069389594145415526 0.03000929497952189 -0.036124969845833667 -0.024121778957842909 0.067222615062561025 -0.070190399208907836 0.047116718428616589 -0.075647468031872278 0.038871633509393974 0.044449691791726739 0.059217601448465433 -0.04557553940128644 -0.008258630386774362 0.051694960848695348 -0.068586749678223896 0.0035854330465949266 0.065844478167543338 0.058217321458186248 0.041858307645073395 -0.078381914390793228 0.049183653810274279 0.051421950267976614 0.028315507050878444 -0.057356751718777736 0.035151671605365989 -0.032808881513613969
leaf_weight=37.410462526604533 734.75914896372706 72.853734018281102 98.187938371673226 38.258304604329169 32.42616215441376 106.81798320636153 39.859481337480247 17.53508722782135 16.408722038380805 106.8578835921362 23.33027908205986 9.6204926259815675 136.32135775126517 59.164890236221254 163.56899066455662 901.45918208593503 50.767906703054905 1167.0633430406451 7.5301881879568091 74.643365859054029 10.272834593430163 11.771994367241858 201.61526976525784 44.641190662048757 9.0826473198831064 30.664577791467309 12.023728806525467
leaf_count=316 9826 1104 214 275 357 129 617 54 203 412 60 15 1348 322 304 13258 242 1446 11 336 96 24 470 134 99 82 142
internal_value=-0.00024825 -0.041589 0.0468779 0.0128965 -0.0544869 0.0115539 -0.00343366 -0.00938141 0.0575556 0.0177531 -0.0589775 -0.0515514 -0.0347753 0.0590319 0.0358037 -0.0604525 0.0311602 0.0630894 -0.0328932 0.0218378 0.0504927 -0.0110833 0.0418516 -0.00150003 0.015059 0.0603749 -0.06465
internal_weight=4214.92 2245.34 1969.58 429.781 1815.56 457.652 146.929 298.125 1511.92 144.268 1668.63 94.498 153.856 1487.99 222.734 1636.22 335.283 1265.25 23.9389 107.07 159.527 22.0448 252.383 82.8995 32.4129 137.483 84.8775
internal_count=31896 26935 4961 2382 24553 2461 1310 2130 2500 728 23243 1261 1402 2286 626 23084 1121 1660 214 693 331 120 712 409 159 211 1246
is_linear=0
shrinkage=0.05


end of trees

feature_importances:
radius_norm=19
optical_spin_confidence=18
x_norm=17
distance_to_centroid_norm=17
orientation_sin=14
history_std_global_similarity_residual_norm=14
history_mean_global_similarity_residual_norm=10
speed_norm=9
is_current_target=9
history_mean_angular_velocity_norm=8
history_std_translation_residual_norm=8
vx_norm=7
history_std_speed_norm=7
history_std_direction_score_norm=7
orientation_cos=6
speed_minus_peer_median_norm=6
appearance_peer_z=6
history_length_norm=4
angular_velocity_norm=3
history_mean_speed_norm=3
history_std_angular_velocity_norm=3
rotation_score_peer_z=2
history_mean_rotation_score_norm=2
history_mean_direction_score_norm=2
history_mean_appearance_distance=2
global_similarity_residual_peer_z=2
optical_spin_abs_norm=2
multilag_spin_confidence=2
y_norm=1
rotation_score_norm=1
motion_reliability=1
direction_score_peer_z=1
history_mean_translation_residual_norm=1

parameters:
[boosting: gbdt]
[objective: lambdarank]
[metric: ndcg]
[tree_learner: serial]
[device_type: cpu]
[data_sample_strategy: bagging]
[data: ]
[valid: ]
[num_iterations: 200]
[learning_rate: 0.05]
[num_leaves: 31]
[num_threads: 0]
[seed: 20260911]
[deterministic: 0]
[force_col_wise: 0]
[force_row_wise: 0]
[histogram_pool_size: -1]
[max_depth: 5]
[min_data_in_leaf: 40]
[min_sum_hessian_in_leaf: 0.001]
[bagging_fraction: 0.8]
[pos_bagging_fraction: 1]
[neg_bagging_fraction: 1]
[bagging_freq: 1]
[bagging_seed: 22173]
[bagging_by_query: 0]
[feature_fraction: 0.85]
[feature_fraction_bynode: 1]
[feature_fraction_seed: 8630]
[extra_trees: 0]
[extra_seed: 5152]
[early_stopping_round: 0]
[early_stopping_min_delta: 0]
[first_metric_only: 0]
[max_delta_step: 0]
[lambda_l1: 0]
[lambda_l2: 1]
[linear_lambda: 0]
[min_gain_to_split: 0]
[drop_rate: 0.1]
[max_drop: 50]
[skip_drop: 0.5]
[xgboost_dart_mode: 0]
[uniform_drop: 0]
[drop_seed: 25851]
[top_rate: 0.2]
[other_rate: 0.1]
[min_data_per_group: 100]
[max_cat_threshold: 32]
[cat_l2: 10]
[cat_smooth: 10]
[max_cat_to_onehot: 4]
[top_k: 20]
[monotone_constraints: ]
[monotone_constraints_method: basic]
[monotone_penalty: 0]
[feature_contri: ]
[forcedsplits_filename: ]
[refit_decay_rate: 0.9]
[cegb_tradeoff: 1]
[cegb_penalty_split: 0]
[cegb_penalty_feature_lazy: ]
[cegb_penalty_feature_coupled: ]
[path_smooth: 0]
[interaction_constraints: ]
[verbosity: -1]
[saved_feature_importance_type: 0]
[use_quantized_grad: 0]
[num_grad_quant_bins: 4]
[quant_train_renew_leaf: 0]
[stochastic_rounding: 1]
[linear_tree: 0]
[max_bin: 255]
[max_bin_by_feature: ]
[min_data_in_bin: 3]
[bin_construct_sample_cnt: 200000]
[data_random_seed: 5056]
[is_enable_sparse: 1]
[enable_bundle: 1]
[use_missing: 1]
[zero_as_missing: 0]
[feature_pre_filter: 1]
[pre_partition: 0]
[two_round: 0]
[header: 0]
[label_column: ]
[weight_column: ]
[group_column: ]
[ignore_column: ]
[categorical_feature: ]
[forcedbins_filename: ]
[precise_float_parser: 0]
[parser_config_file: ]
[objective_seed: 11763]
[num_class: 1]
[is_unbalance: 0]
[scale_pos_weight: 1]
[sigmoid: 1]
[boost_from_average: 1]
[reg_sqrt: 0]
[alpha: 0.9]
[fair_c: 1]
[poisson_max_delta_step: 0.7]
[tweedie_variance_power: 1.5]
[lambdarank_truncation_level: 30]
[lambdarank_norm: 1]
[label_gain: ]
[lambdarank_position_bias_regularization: 0]
[eval_at: 1]
[multi_error_top_k: 1]
[auc_mu_weights: ]
[num_machines: 1]
[local_listen_port: 12400]
[time_out: 120]
[machine_list_filename: ]
[machines: ]
[gpu_platform_id: -1]
[gpu_device_id: -1]
[gpu_use_dp: 0]
[num_gpu: 1]

end of parameters

pandas_categorical:null
